   0.592079475181850E+00  0.655013535705657E+00 -0.101880669377031E-01
   0.205346833633540E+00 -0.461335754568439E+00  0.823986706633629E+00
   0.531453797721666E+00 -0.950917790099017E+00  0.162221790474766E+01
   0.192503996500101E+00  0.438926478166078E+00 -0.161810591950068E+01
   0.130952542085740E+01  0.706426205316453E-01 -0.845940028665109E-01
   0.616245673086727E-01 -0.105864635241972E+01 -0.391533830806031E+00
   0.362859287468851E-01  0.212121243243388E+00  0.765337841561386E+00
   0.432098549264032E+00  0.110203523066865E+01 -0.926054163838892E+00
  -0.527521116801914E+00  0.596904650653958E+00  0.160953151979209E+00
  -0.122304203443485E+00  0.798276826713755E+00  0.611571200508028E+00
   0.677714675762346E+00  0.246382289299844E+00  0.901221344488246E+00
  -0.348451622007643E+00  0.376236670412982E+00 -0.184731889092453E+01
   0.109419227467161E+01  0.100973127486446E+01 -0.317174972018996E+00
   0.195518254638361E+00 -0.920702874014583E+00  0.328566589686837E+00
   0.385441824655778E+00  0.322702095319178E+00  0.147503080422692E+01
  -0.106708313173144E+01  0.126412825687678E+01  0.723406922709331E+00
   0.112103940796571E+00 -0.125446476511959E+00 -0.173492538122729E+00
  -0.684705501615491E-01 -0.735956952189453E+00  0.496365063968773E-01
   0.615590363801678E+00 -0.813600670794427E+00 -0.132477786103103E+00
   0.136888443640750E-01  0.378748649788295E-01  0.580022097892101E-01
   0.488227428400752E+00  0.460002679222370E+00  0.740906877842476E+00
  -0.151693630401009E+01 -0.878784902313972E+00  0.105950096813844E+01
   0.152026714879696E+00  0.629754752689414E+00 -0.261765938879630E+00
   0.178424338566676E+01  0.623965446527334E-02  0.156777922744086E+00
  -0.304027737325094E+00  0.476305321501769E+00 -0.353567041515243E+00
  -0.148931110188868E+01 -0.132265084624124E+01  0.536037454955837E+00
  -0.205435844246644E+00  0.901976689979855E+00 -0.610312310227510E+00
   0.489721450923876E+00  0.465267621022605E+00  0.643492925045843E+00
   0.810558765751901E-01  0.951003183532707E-01  0.541387800069429E+00
   0.148419447782181E+01 -0.165638030687879E+00 -0.765333741632283E+00
   0.559271018602904E+00 -0.703935410014219E+00 -0.742321594781313E+00
   0.819192360656817E+00  0.624413590164285E+00 -0.311105924734907E+00
   0.172750677309077E+01 -0.194247022038407E+01 -0.834881130825970E+00
   0.578338899387733E+00 -0.660335858428416E+00  0.437204192014391E+00
  -0.134074241635358E+01 -0.219821422196351E+00  0.418858681493431E+00
   0.152686832235134E+00 -0.174400855212153E+00 -0.115461312762782E+01
   0.104648226991863E+01 -0.449825567884726E+00 -0.123502099053582E+01
  -0.616828461987078E+00 -0.491320175158533E+00  0.130936841752111E+01
   0.168413517639846E+01 -0.384663027564468E-01 -0.112569918160196E+01
   0.120732713473183E+01  0.562248634707978E-03 -0.128556294033211E+00
  -0.387003049984109E+00 -0.844779545424466E+00 -0.115585276798524E+01
   0.180328463601109E+00 -0.101713752488676E+01 -0.221506209095369E+00
   0.735382091211332E+00  0.830297829929417E+00  0.344750228528120E+00
   0.285941840345943E+00 -0.173826685537642E+01  0.105579125473986E+01
  -0.937221912442432E-01 -0.834984946953867E+00 -0.473220301713220E+00
  -0.349228021008284E+00  0.578864269336445E+00 -0.118418742228002E+01
  -0.139623462318036E+01 -0.148942820896003E+01  0.272716881357739E+00
  -0.100184111366936E+01  0.121578879504726E+01 -0.714407326712400E-01
  -0.347060748541581E+00  0.946722665060785E+00  0.208903709995391E-01
  -0.669736764883071E+00 -0.259952953914114E+00 -0.131589824737572E+01
  -0.669764946620920E+00 -0.724716271536668E-01  0.761993659766544E+00
   0.106338555684095E+01  0.510650933381103E+00  0.314885717454392E+00
  -0.946556375527562E+00  0.177487471284630E-01  0.708860303930371E+00
   0.170667798492973E+01 -0.697394232615179E+00  0.633585129908468E-01
   0.603749645208008E+00  0.634156867370811E+00  0.499777493686884E+00
  -0.920463298534812E+00  0.725059533857268E+00  0.942269189725840E-01
   0.124979020231273E+01  0.165908289222447E+00 -0.330446523251042E+00
  -0.412124649929486E+00  0.135043503229705E+01 -0.157173700398102E+00
  -0.118047420984903E+01  0.745854432484446E+00 -0.712692279510507E-01
   0.116564444802903E+00  0.829074396274925E-01  0.430958298318739E+00
  -0.720066856322853E+00  0.365197495984660E+00 -0.710247344315489E+00
  -0.667768280066802E+00  0.828464922752301E+00  0.329242729349254E+00
   0.126269529529253E+01 -0.387745584880774E-01 -0.290825295782300E+00
  -0.191842081733833E+01 -0.545115027107906E+00 -0.369145078244519E+00
   0.128638272529018E+01  0.614331666926428E+00  0.276845387125719E+00
   0.106414951027929E+01 -0.932945692528746E-01  0.992628882982560E+00
   0.119197268321202E+00 -0.338033074085133E+00 -0.512422302152490E+00
  -0.113603768735426E+01  0.228220510813400E+00 -0.104013381805106E+01
  -0.144371982554033E+01 -0.215073535743345E+00 -0.147700819657885E+01
   0.461862420622787E+00  0.384318138244236E+00 -0.119178622026453E+00
   0.433352826900248E+00  0.227433469957241E+01  0.222810626098283E+00
  -0.209574789810174E+00 -0.224805709913386E+00 -0.122128193213480E+01
  -0.537760690348884E+00  0.456744587242390E+00  0.735191537872809E+00
   0.290824880873454E+00 -0.100289321592644E+01 -0.277443692423709E+01
  -0.147537510750811E+01  0.215823811193266E+00 -0.510536047798528E+00
  -0.681212368400296E+00 -0.311202325266377E+00 -0.119354036995802E+01
  -0.120849067284356E+00 -0.144279283429976E+01 -0.111558185334135E+01
  -0.819313237699262E+00 -0.432838678708711E-03  0.117006816654214E+01
  -0.499712554223285E+00 -0.360376806688846E+00 -0.925178127899842E+00
  -0.383145711309742E+00  0.519851505156340E+00  0.402702329496802E+00
  -0.424973090422149E+00 -0.116017411597991E+01 -0.897622777715665E+00
  -0.110663564137811E+00 -0.104835842791587E+01  0.930432884058238E-01
  -0.638333622228257E+00 -0.185190543531157E+00 -0.351804565701201E+00
  -0.599102621523657E+00  0.201906236251079E+01 -0.306178404575230E+00
   0.176149855506046E+00 -0.163915425866641E+00  0.107909246641362E+01
   0.179621341093104E+00  0.259314596257151E-01 -0.117143010460661E+01
  -0.535514083900144E+00 -0.342090758330231E+00  0.949883357201056E+00
  -0.631559472780445E+00  0.600857808229492E+00  0.151787922151553E+01
  -0.115874337610098E+01 -0.457395695304714E+00 -0.569697911253955E+00
  -0.116481436498691E+01  0.211140178236298E+00 -0.260672110107328E+00
  -0.727196945320369E+00 -0.687139112878335E+00  0.165590121958941E+00
   0.543462510934845E+00 -0.632999654917250E+00 -0.238449851711166E+00
   0.109734289596333E+01  0.271396562673612E+00 -0.125309376285636E+01
  -0.250097292776593E+00 -0.849773162644416E+00  0.100821229341431E+01
   0.133274013518591E+00 -0.856580609209712E+00 -0.329228040476491E+00
   0.108093669774485E+01 -0.343141806840309E+00  0.645027073899047E-01
   0.249453412758122E+00 -0.111373742083861E+01 -0.226928055645391E+00
  -0.251034169821881E+00 -0.341719267794041E+00  0.319527987240148E+00
   0.576584410813455E+00  0.921854250570184E+00 -0.198843716775663E+00
  -0.922349432078438E-01  0.362199673189902E+00 -0.476224867147371E+00
   0.190713755887765E+00 -0.406457109270797E+00  0.217068682020710E+00
  -0.154451549031963E+00  0.333454591307483E+00 -0.184883716928783E+00
  -0.931494798675222E+00  0.419983367922541E+00 -0.452650079887087E+00
   0.811715235990097E+00 -0.223444161446737E+00 -0.574698021663096E+00
  -0.277509569128949E+00  0.128641995134802E+01 -0.417694462127299E-01
   0.909465406783799E+00  0.722687799150012E+00 -0.215203917338671E+01
  -0.604403543773579E+00  0.734084163759157E+00 -0.317475458918847E+00
   0.851546090922988E+00  0.352718279254740E+00  0.102499750459276E+01
   0.711208089817882E+00 -0.658763846690562E+00  0.513001083355851E+00
   0.319545430197674E+00  0.101400410349987E+01 -0.126144352370322E+01
  -0.823564981731935E+00 -0.185127671441981E-01 -0.100761720804571E+01
   0.111174151592588E+01 -0.951369509633871E+00  0.301238353358177E+00
  -0.817565753998277E+00  0.216977462874129E+01  0.287556027905775E+00
   0.114023451982186E+01 -0.390455056875829E-01  0.337297189814596E-01
  -0.619207440866756E+00 -0.165916119570673E+01 -0.232167836553941E+01
  -0.157673146185014E+01 -0.569374061512203E+00  0.859984092533164E+00
   0.914668749442523E+00 -0.111025737454968E+01 -0.247793105615958E-02
   0.393301480128909E+00  0.653467424599704E+00  0.100692863732173E+01
   0.478783696248604E+00 -0.135054307811935E+01  0.174133927591421E+01
   0.139241343974966E+01  0.561228761211957E+00  0.952144438325253E+00
  -0.939762709612024E-01 -0.105235120842168E+01  0.139449886281394E+01
  -0.474974371970049E+00  0.911787581396327E+00  0.232840825857934E+00
   0.134563340852824E+01 -0.315161123171825E+00  0.234944584619259E+00
   0.417458083738271E+00  0.112542538211142E+01 -0.939069416698753E+00
  -0.123471098726884E+01 -0.544086687041233E+00 -0.510161569844436E+00
  -0.663367035494311E+00  0.395048125837367E+00 -0.735696473513121E+00
   0.121166538029999E+00 -0.237740384280271E+00  0.159402851373995E+01
  -0.868168950151650E-01  0.172002296210231E+01  0.161574388788964E+00
  -0.162598282449152E+00  0.490993894705533E+00 -0.810593091370971E+00
  -0.682331006665619E+00 -0.341929296959700E+00 -0.180926641508148E+00
  -0.500930041534176E+00 -0.265896662628969E+00 -0.255787440497071E+00
   0.167549465166008E+00  0.847579310422593E+00 -0.810984255507665E-01
