  -0.144484321503657E+01  0.771075760547808E-01  0.622816195775427E+00
   0.369156355433529E+00 -0.119775528268137E+00 -0.253524863037510E+00
   0.602057313777627E+00 -0.107668029812694E+01 -0.975291471128609E+00
  -0.543035160156288E+00  0.164057589088780E+00 -0.616982550165623E-01
   0.151869679911566E+00 -0.233372745604386E-02 -0.600751937739541E+00
   0.719526910261105E+00  0.559127192026195E+00  0.126599948404265E+01
  -0.736512061495850E-01  0.680608890243076E+00  0.208095457050025E+01
   0.985772865865197E+00 -0.375086148861744E+00  0.138967154346893E+01
  -0.227929722112054E+00 -0.546159537357073E-01 -0.478933895458930E+00
  -0.104264667856992E+01  0.317451197261685E-01 -0.427304888064639E+00
  -0.750687153606322E+00 -0.214500578500380E+01 -0.327877852318173E+00
   0.841111621579103E+00 -0.224691468377773E+00 -0.175973491157637E+01
  -0.893997672918522E+00  0.100235760332724E+00 -0.511492417133968E+00
   0.143069105884249E+01  0.634448073301393E+00 -0.306578256731446E+00
   0.161575030668435E-01  0.792248040866029E-02 -0.150301555922598E+00
   0.164171942742227E+01 -0.883773770959032E+00 -0.392096069844988E+00
  -0.588136385820705E-01  0.682701116786464E-01 -0.471219434416501E+00
  -0.360002556433044E+00 -0.749899345923394E+00  0.100484147411664E+00
  -0.180084728175834E+01  0.450788595539247E+00  0.267191005554177E+00
  -0.420466263742636E+00  0.532590686374828E+00 -0.408554020280782E+00
  -0.798914717531745E+00  0.145543005412411E+01  0.150358200153774E-01
   0.114916925535502E+00  0.380450539742433E+00  0.329659317908652E+00
  -0.878494911342611E+00 -0.316039385490322E-01 -0.970153343942921E-01
  -0.331776971216890E+00 -0.339833245897266E+00 -0.141929046316912E+01
  -0.127271176443610E+01 -0.108948738084242E+00 -0.157036883575511E+00
   0.178256848956880E+01 -0.370205713611313E-01 -0.650625159561394E+00
   0.320573473856543E+00 -0.116889906794701E+01  0.507305117776761E+00
  -0.846132886791799E+00  0.256611407463293E+00 -0.958051305981002E+00
   0.119390810182477E+01 -0.710605386920001E+00  0.150847066158539E+01
   0.386855257282336E-01  0.159764515130970E+01 -0.137881883322945E+00
   0.389912867695336E+00 -0.102598127927409E+01 -0.436458825609231E+00
  -0.177516859893137E+01  0.775805242102687E+00  0.456408179624406E+00
  -0.762857300514981E+00 -0.560766281032660E+00  0.182557500036457E+01
  -0.327059085709337E+00 -0.590193356543540E+00  0.111694184008188E+01
   0.786383262559996E-01  0.195267395539922E+01  0.127013747175566E+00
   0.296692482983761E+00  0.780814399454890E+00 -0.112571389565095E+01
  -0.129900122575450E+01  0.215896911064117E+00 -0.821611127376125E+00
  -0.316286092305419E+00  0.983578050159354E+00  0.147885229844776E+01
  -0.318495724751295E-01 -0.250445595817408E+00  0.242312706620982E+01
   0.486718191545805E+00  0.866707464110977E+00  0.377079943952394E+00
   0.670573370634190E+00  0.253879134314558E+00  0.656927323842996E-01
  -0.197933061296827E+00  0.107494650883646E+01  0.620719543683429E+00
  -0.700671967285880E-01 -0.136266873123228E+00 -0.307901799385938E+00
   0.473595129783119E+00  0.299527233133141E+00 -0.139157062996170E+00
  -0.112612394571725E+01 -0.138998579703611E+00 -0.181485443437521E+00
  -0.674211757246778E+00 -0.195940461583074E+00 -0.320374208594389E+00
  -0.336877419428693E+00 -0.509841103015700E+00  0.268879710027703E+00
   0.192464661349243E+00 -0.770100103377987E+00  0.203767278933764E+00
  -0.127612616432888E+00 -0.237266314988096E+00 -0.725060224317981E+00
  -0.246992749069311E+00 -0.405630524264645E+00  0.115666169787961E-01
  -0.142605109706305E+01 -0.125351644757130E+01 -0.142063869070757E-01
  -0.537392074778157E+00 -0.356739259194341E+00  0.759180007331593E+00
  -0.568889778743038E+00  0.142205069179008E+01 -0.394004857039126E+00
  -0.128279860712998E+01  0.553439408409936E+00  0.305862945008057E-01
  -0.756110779043446E+00 -0.199731350170766E+00  0.269531786226852E+00
  -0.219752605262100E+01  0.234713714151443E+00 -0.657916928003537E+00
  -0.822996370188690E-02 -0.208415659725991E+00 -0.858696443082147E+00
   0.103020130699212E+00  0.108503531550981E+00  0.624234981355843E+00
  -0.205386361185870E+01  0.197543752015263E+00 -0.479874951545508E+00
   0.136290047894279E+01 -0.189401685550374E+00 -0.119175514497436E+01
  -0.107772382608828E+01  0.622994312563974E+00 -0.309636543321142E-02
   0.204101068428046E+00  0.914319612768408E+00  0.761468759782404E-01
  -0.151528876261668E+00 -0.659220540635071E+00  0.729270695331450E+00
   0.357926141771104E+00 -0.156888514705270E+01 -0.770165477614198E+00
   0.570562765514857E-02 -0.106648753695790E+01  0.481427742891869E+00
  -0.722774497140806E+00 -0.418454321366964E-02  0.163557629127381E+00
   0.556566702777900E+00 -0.600880250814494E+00 -0.245337932778519E+01
  -0.111780226492506E+01 -0.291350524503157E+00  0.424319925655003E+00
   0.705161679452878E+00  0.751323818326506E-02 -0.492177392871425E+00
  -0.400363967758520E+00 -0.338559893883249E+00 -0.269065838281889E+00
  -0.217680457322816E+01 -0.861909930441502E+00 -0.546376089541461E-01
  -0.108880591562583E+01 -0.342320142695128E+00 -0.943599265694038E+00
   0.161800910965566E+01 -0.322800058516240E-01 -0.139874327949705E+00
   0.172619626817737E+01  0.984469172580901E-01 -0.269637856909011E+00
   0.119712077550939E+01 -0.430216342149645E+00 -0.799487140166494E+00
   0.154733879280485E+01  0.216280177623011E+01 -0.441682184050188E+00
   0.357223189163098E+00 -0.646528676212340E+00 -0.435356754665988E+00
   0.948840851178213E+00 -0.145134701126659E+00 -0.247441584527337E+01
   0.759000742488974E+00 -0.717650358993428E+00  0.463687763534159E-01
   0.972880093963339E+00 -0.285153942220794E+00 -0.326501053062425E+00
   0.217167576558579E+00 -0.707079788404438E+00  0.667364799687502E+00
  -0.735714414287871E+00 -0.107543979136667E+01 -0.137249847302406E+01
  -0.124039408155508E+01  0.111145074359272E+01  0.105171598682953E+01
  -0.789405713983807E+00 -0.509745727712314E+00  0.525168478945099E+00
   0.116883284662642E+00  0.313263058039694E+00 -0.294467100779676E+00
  -0.450137031211455E+00 -0.429329777106345E+00  0.751037902738146E+00
  -0.621724652994113E+00 -0.646189761449369E+00  0.688846698368170E+00
   0.291143075847188E+00  0.392686388343603E+00  0.904530471705628E-01
  -0.490035387628462E-01 -0.271246212447137E+00  0.150622936876213E+01
  -0.997884628719579E+00  0.236060929303307E+00 -0.661922096062013E+00
  -0.850760112708922E+00  0.311619881327361E+00  0.109039049297474E+01
  -0.348471261388890E+00 -0.787448825669878E+00 -0.442210226883252E+00
  -0.875689778515965E+00  0.130985099271927E+01  0.128689883446256E+01
   0.134790746678973E+00  0.638577463383006E-01 -0.608878131016664E+00
  -0.135843084868547E-01 -0.181516222243227E+01  0.183384381032805E+01
  -0.676141575366457E+00 -0.126620401433559E+01  0.114827109353173E+01
  -0.182175748560928E+01  0.529719350821560E+00  0.166264540105279E+01
  -0.265128203511552E+00  0.253539871831642E+00  0.175929220442814E+00
   0.176738069880057E+01  0.557559579153800E+00 -0.225990992871351E+00
   0.246027676424352E+00 -0.139405129600862E+01 -0.817778716179499E+00
  -0.639209507203089E+00 -0.302115724971171E+00 -0.548819782752161E+00
  -0.431792623964541E+00 -0.129750746330905E+01  0.840820073630672E+00
   0.386302352311988E+00 -0.956128353441415E+00 -0.141642230968362E+01
  -0.116241135443384E+01  0.119250760095839E+01 -0.568194836227266E+00
  -0.971767136107694E+00 -0.656341887755155E+00 -0.232239157340581E+01
   0.302745243531909E-01 -0.108997357447153E+01 -0.151780350845006E+01
   0.119465947349752E+01 -0.525026962070209E+00 -0.761241452482244E+00
  -0.663042910109861E+00 -0.143969673301165E+00 -0.474715992022637E+00
  -0.551989340396830E+00  0.908124289239528E+00 -0.874703905350548E-01
   0.619713112227826E+00 -0.172069100161911E+01 -0.118885822334764E+01
   0.328976946805286E+00 -0.707873796083118E+00 -0.132099263461291E+00
  -0.528274389362526E+00 -0.307609100946775E+00  0.795170912975167E+00
   0.425240570778005E+00  0.610072739960522E+00  0.710924760561049E+00
  -0.508137209365949E+00  0.216074651693636E+00 -0.170086233334475E+01
   0.152111105709764E+00  0.298368611708733E+00 -0.251173940467977E+00
  -0.852081633751130E+00  0.960431755866348E+00  0.118944206383644E+01
  -0.769243230475916E+00  0.533075365527717E+00 -0.363768575793254E+00
   0.121310984747646E+00 -0.730965733523400E+00  0.460405853395349E+00
  -0.922180509966515E+00 -0.198093765267740E+00  0.111174380516451E+00
   0.183638631718590E+00 -0.580921627296511E+00  0.817557571491766E-01
   0.473422323644628E+00  0.190591106808821E+00 -0.792956989996405E+00
   0.475752521204024E+00  0.837740113287781E+00  0.885650518419035E+00
   0.606845085480704E+00  0.150763270281552E+01 -0.445944779187044E+00
  -0.215302282047789E+00 -0.566127434323210E+00  0.458811972517249E+00
  -0.645048573563311E+00  0.547609003830472E+00  0.163127302420887E+01
  -0.218631103501112E+01 -0.679484069683232E+00  0.212900303531494E+01
   0.103139957450812E+01 -0.566815937294813E+00 -0.887055185363503E+00
  -0.567974331679485E+00 -0.113000612101460E+01 -0.424719742459132E+00
  -0.285370450711587E+00  0.175224094166333E+00  0.222100992318662E-02
  -0.374004279941267E-01  0.796095713320336E+00 -0.591143902454212E+00
  -0.237279673858178E+00  0.184167684919363E+00 -0.574672491419984E+00
   0.246720752372661E+00  0.381285547263991E+00 -0.392005535311364E+00
  -0.876709651274390E+00  0.108684546890751E+01  0.104425619400823E+01
   0.972893447363094E+00 -0.144570489547303E+01  0.208394646021366E+00
   0.998697336993723E+00  0.722544510823209E+00  0.214832100234927E-01
