   0.489159817417425E+00  0.341592048955231E-01  0.409933537305479E+00
   0.264016630417639E+00  0.944775203310681E+00  0.275159741740692E-01
   0.156342451188274E+00  0.169961511862023E+01 -0.875020521518759E+00
   0.613438735638442E+00 -0.943773766224964E+00 -0.447243140579881E+00
  -0.142493446615611E+01  0.214581342549278E-01  0.708450433540988E+00
   0.817132215233078E+00 -0.106193521154687E+01  0.790717276244653E+00
  -0.866610229037927E+00 -0.371947948963442E+00 -0.831747714973249E+00
   0.595291692322632E-01 -0.135762730800661E+01  0.357168510876016E+00
   0.106440021651851E+01  0.233118249529943E+00  0.435380396053819E+00
   0.734672462482662E+00 -0.726704436709783E+00  0.123228188962885E+01
  -0.139812289846578E+00  0.999968672001937E+00  0.234629925104794E+00
   0.233043653947186E+00  0.574378469416024E+00  0.167204031423843E+01
   0.805598094574125E+00  0.574270740536975E+00  0.205342101095537E+00
   0.708619589718360E+00  0.767868828100056E+00  0.132345103161968E+00
   0.851497499970632E+00 -0.821272390673648E+00  0.704630737508474E+00
  -0.225322760941944E+00  0.270400355409352E+00  0.183636561746364E+01
   0.912997468410252E+00  0.455379024917759E+00 -0.349623442774980E+00
  -0.118496355984974E+01  0.630335719537148E+00  0.697821707904860E+00
   0.122505015134622E+01  0.399288693658606E+00  0.147218106433885E+01
   0.145244272372059E+01 -0.176666567605848E+00 -0.473806199678445E+00
  -0.190259337445163E+00 -0.710927082303387E+00  0.627532726616860E-01
   0.206026731100479E+00  0.509017361913224E+00  0.872588200564760E-01
   0.109399324128699E+01 -0.102970935684339E+00  0.143029080091509E+01
  -0.104124258546139E+01  0.139994673080353E+00  0.330971774421172E+00
  -0.817003639571767E+00  0.822311200982202E+00 -0.789756151831554E+00
  -0.850731504841757E+00  0.136708587204364E+00 -0.173788045389232E+01
   0.231334867453649E+00 -0.608775220296988E+00 -0.100614215108944E+01
  -0.932706738629666E+00 -0.711385504226574E+00 -0.140437954751244E+01
  -0.502805290015244E+00 -0.643504752623093E+00  0.514290096678219E+00
  -0.197598960961162E+00 -0.217919307090921E+00  0.381195760353433E-01
  -0.846286744956265E+00  0.117659364040829E+01 -0.309403926806731E+00
   0.427239459292686E+00  0.904950862458261E+00  0.883504808875615E+00
  -0.559123904351825E+00  0.906971546247618E-01 -0.224605601855040E+00
  -0.116277666802649E+01 -0.690084249699505E-01  0.549018711758806E+00
  -0.673129322002043E+00 -0.346223447022345E+00  0.111980676145183E+01
  -0.102454740007376E+01 -0.640980597274834E+00 -0.236873606489882E+00
  -0.326589364487005E+00 -0.205785612788020E+00  0.211653561978404E+01
  -0.133725163791284E+01  0.606276032165204E+00 -0.118374057367573E+00
   0.622884877149321E-01  0.432888458217600E+00 -0.628807327998184E+00
  -0.678087583595245E+00  0.121438158245385E+00  0.961691095247745E+00
   0.860578918619454E-01 -0.458223380505308E-01  0.179989398853506E+00
   0.547459281850285E+00  0.180680361892300E+00  0.111190947307333E+01
   0.438446764926660E+00 -0.205116291312306E+01  0.134330981835514E-01
  -0.827060526188246E+00  0.116732105341989E+01  0.149152555685696E+01
   0.283297887497385E+00 -0.794234773843345E+00 -0.202123214269070E+01
  -0.921254952585024E+00 -0.719726819487125E-03 -0.278934596625105E-01
  -0.638652401705338E+00  0.720074372042421E+00  0.435276899101860E-01
  -0.382645640249990E+00  0.119027873142084E+01 -0.296013861136511E+00
   0.790137564693520E+00  0.143792408750094E+00  0.638588069985594E+00
  -0.242494954086309E+00  0.709978183912199E+00 -0.550159341890939E+00
  -0.425820471375916E+00 -0.180962952932480E+01 -0.198478103984414E+00
  -0.461120871806952E+00  0.884399732466491E+00  0.117754619301450E+01
   0.516813613782671E+00 -0.376904438073629E+00 -0.626696551115324E+00
   0.584096202844826E+00  0.507219195130587E+00 -0.412430285752604E+00
   0.410287942939185E+00 -0.507285324956986E+00  0.527618220933853E+00
  -0.511938268880660E+00 -0.783380651324072E+00 -0.616373750913141E+00
  -0.126052728679092E+00 -0.169924677613395E+01  0.200488023640550E+01
   0.386302566026474E+00 -0.250066679177053E+00  0.527021415550882E+00
   0.102849302282982E+01 -0.127003887367415E+01 -0.206660827827130E+00
  -0.177659171181261E+00  0.106147742504793E+01 -0.682732872996707E-01
  -0.795903735998900E-01  0.780088225510876E+00  0.551810792890194E+00
   0.114160375198016E+00 -0.148058119880895E+00 -0.388266571025257E+00
  -0.510288182026171E+00  0.305498658942225E+00  0.682117643775889E+00
   0.203972584770590E-02  0.837686515471349E-01 -0.497712782919234E-01
  -0.958241733060531E-01 -0.667174857673691E+00 -0.130622046730231E+01
  -0.218527737914842E+00 -0.104183819203190E+01  0.328432224655152E+00
  -0.882336425891724E+00 -0.509705867293239E-02 -0.598492361773793E+00
  -0.808135078227283E+00  0.143390772577169E+01  0.106449142921760E+01
  -0.908566877831404E+00  0.142191326864843E+00  0.501215870244361E+00
  -0.723395791542038E-01 -0.558131221729855E+00  0.173851315760833E+01
  -0.104311760491505E+01 -0.155048370240982E-01  0.369479186953810E+00
  -0.510760218447366E+00 -0.337713358248518E+00  0.561520964028443E+00
   0.156895268367367E+01 -0.725160677651282E+00  0.607061021317729E+00
  -0.539302186743775E+00 -0.125787940286435E+01 -0.281978186123085E+00
   0.509694026477032E+00 -0.152176474607370E+00  0.223604725695014E+01
  -0.104994940602959E+01  0.462405784598008E-01  0.560085046925939E+00
  -0.986524872391532E+00  0.665025880156614E-01  0.444911410087874E+00
  -0.161632069414772E+00  0.371454539284289E+00  0.832118871061659E+00
   0.105193574360723E+01 -0.577733931980319E+00  0.198333417517794E+00
  -0.155817321762159E+01  0.120092598244275E+01 -0.426894942701918E+00
   0.119450765425048E+01 -0.136970282461636E+01  0.526235664687796E-01
   0.804637124860190E+00  0.657108170849667E+00  0.485685141394042E+00
   0.742833921965398E+00 -0.969031291606173E+00  0.176745283074184E+00
  -0.151267120587489E+00 -0.136308668218837E+01  0.685818474922541E-01
   0.800813837599032E+00  0.173763253417004E+00  0.790704445292336E+00
  -0.423277993316402E+00  0.436988502130797E+00 -0.442573482797921E+00
  -0.559229482878120E+00  0.325758540572114E+00  0.333116314218488E+00
   0.113941075629501E+00  0.934362894210537E+00 -0.985528551350157E+00
   0.846737057616571E+00 -0.375307414995300E+00  0.333335243407272E+00
  -0.990821819959026E+00 -0.146579373940901E+00  0.131508992273692E+00
  -0.118659423068810E+01  0.400806513788525E+00 -0.619937133942181E-01
   0.213085903231549E+00  0.894519346125870E+00 -0.666427384985864E+00
   0.111881121467559E+01 -0.924205588729428E+00 -0.775662085956785E+00
   0.164852149872869E+00 -0.156697221437956E+01 -0.268251928248230E-01
   0.923736261746807E+00  0.437558044253664E+00 -0.422484749507586E+00
   0.101691775487559E+01  0.403059954242919E+00  0.105608700194333E+00
   0.357387826833312E+00 -0.216015223643208E+00  0.718877940015141E+00
  -0.274398028956411E+00  0.842020734531043E+00  0.134738628212457E+00
   0.711146037105110E+00 -0.852822706745381E+00 -0.607605240093585E+00
   0.459539179588967E+00 -0.167013717856037E+01  0.827443994742487E+00
   0.788277014144645E+00 -0.254291105857676E-01  0.327107281748250E+00
   0.431540845481000E+00  0.221541533119464E+01 -0.698422926140003E+00
   0.269792008020995E+00 -0.435605407369329E+00  0.795320238429699E+00
   0.463182466006504E+00  0.210394471772977E+00  0.345550124836193E+00
   0.564701796392176E-01 -0.528635701825964E+00 -0.490808675705130E+00
   0.212565512440825E+00 -0.380335195383869E+00  0.184677121271312E+00
   0.403677638775753E+00 -0.139496537063395E+01  0.385656344223583E+00
   0.810408447413977E-01 -0.691406619662085E+00  0.861203413679201E+00
   0.134741980077237E+01 -0.793748166145471E+00  0.377437736027007E+00
  -0.121334457742227E+01 -0.654900295226005E+00  0.481320908929605E+00
   0.330652747612954E+00 -0.130123383424615E+01  0.316909291975811E+00
   0.157479666571720E+01  0.412878064150582E+00  0.627501638546196E+00
  -0.130334707946470E+01  0.868400639283676E-01  0.688114523294447E+00
   0.487432024147523E+00  0.270401652148383E+00  0.941903606531197E+00
   0.116987173777668E+01  0.131808650272874E+01  0.100177592131805E+01
  -0.693723593313575E+00  0.115186012838504E+01 -0.250316819778699E+01
  -0.586144707487373E+00  0.217247370576238E+01  0.563382102364559E+00
   0.471304451231552E+00 -0.237707940269889E+01 -0.243425452853573E+00
  -0.559749562819867E+00 -0.650032538129156E+00 -0.200472205166978E+01
  -0.669146318132315E+00 -0.114070096383540E+01 -0.676046070729635E+00
  -0.171092608391365E+00  0.114782333340585E+01 -0.208226946206169E+01
   0.135629411235975E+00  0.127402249987353E+01  0.420102640107849E+00
   0.168722096099623E+01 -0.321121555020572E+00  0.732462657644949E+00
  -0.374168433410390E+00 -0.581650776231854E-01 -0.101158361005773E+01
   0.178322174974926E+00 -0.250183599999808E+00  0.157270043470071E+00
