   0.528567958010770E+00 -0.773401612179648E+00 -0.798908634011063E+00
  -0.167991782956757E+00 -0.968124508072162E+00 -0.251218945480523E+00
  -0.638912440835584E-01  0.144115955091583E+01 -0.284534191085173E+00
  -0.172622828591193E+01  0.904970580207523E+00  0.511351904552743E+00
   0.428716660195482E+00 -0.822796733435760E-01  0.905082006462405E+00
  -0.114978558618124E+01  0.752974493559796E+00  0.678653987282667E+00
  -0.792146632572884E-01 -0.335016137008846E-01 -0.936364195589848E-02
  -0.371095436317984E+00  0.461732395337451E+00 -0.206670795921605E+00
   0.140972766403182E+01  0.707099497311908E+00  0.122387547306412E+01
  -0.389562010879862E+00  0.121807421760777E+01 -0.152369929505936E+01
  -0.189524960913129E+01 -0.149024766565083E+01  0.259201626752691E+00
  -0.143750953892496E+00  0.926452572181459E+00  0.278571482325297E+00
   0.982063368346277E+00  0.885694764525340E-01  0.482363126249691E+00
   0.490302163849552E+00  0.204111522560121E+00  0.358647102601465E+00
   0.120852977030092E+01  0.564504761452423E+00  0.181000102483399E+01
  -0.168954796685438E+01  0.130311274985828E+00 -0.503036150585699E-01
  -0.515368504030714E+00  0.106439768011591E+01 -0.477736396951139E+00
   0.483483195750321E+00 -0.341565864282551E-01  0.114275307818180E+01
  -0.339909228807918E+00  0.831049171197366E+00 -0.780874749245018E+00
   0.592294630218435E+00  0.866067018081576E-01  0.210348840823924E+01
   0.312656378100670E+00 -0.206130051756084E+01 -0.443266190408126E+00
  -0.601535110065533E+00 -0.114142807441257E+01  0.166967369202090E+00
  -0.209468043737622E+00 -0.143523932158264E+01 -0.377266085382298E+00
  -0.328773124448170E+00  0.644496427841161E+00  0.252903603579370E-01
  -0.657137031930409E+00  0.245518526078162E+00 -0.636023358682166E+00
   0.100041611410485E-01  0.521665354362104E+00 -0.710521276022524E+00
  -0.243441265764036E+00  0.210693835670613E+00  0.339560259077828E+00
   0.467818641489544E+00 -0.272017115072609E+00 -0.667274186910106E+00
  -0.400304405636239E+00 -0.588788800813351E+00  0.364416225388465E+00
  -0.924660418949645E+00 -0.163687977119662E+01  0.164812281373098E+01
  -0.172132040590919E+00 -0.472458215831168E+00 -0.692050381775054E+00
  -0.824680300919663E+00 -0.246856391500696E+00  0.946039025401125E+00
   0.208845307889617E+01 -0.594959200640710E+00  0.128276995287316E+01
  -0.119013141075936E+00  0.115636825879514E+01  0.625401145523925E+00
  -0.165125640873110E+01  0.432797562587008E+00  0.396778815250903E-01
  -0.687504701272762E+00  0.165255835079155E+01 -0.405071293680304E+00
  -0.185300674602302E+01  0.719331992349017E+00  0.692830388584031E+00
  -0.502416810103068E+00  0.569463545385003E+00  0.962697286977977E+00
   0.400435098120015E+00  0.257221582287804E+01 -0.614869746974570E+00
   0.202418206924391E+01  0.906175022341414E+00 -0.233198610366173E+00
   0.917094768537027E+00  0.413321612986768E+00 -0.276084788649249E+00
   0.151430266805685E+01 -0.663347690634547E+00 -0.506488534529031E+00
  -0.368531074122348E+00 -0.144574261143351E+01  0.905000271583784E+00
   0.902634192179452E+00  0.546675124423710E+00  0.182262870845477E+01
  -0.133104843794366E+01 -0.923560471074183E+00 -0.508508228071940E+00
  -0.389315077631190E+00 -0.548854957706178E+00  0.520436222490157E+00
   0.801203778407624E+00 -0.814907521015032E+00 -0.493144267320619E+00
   0.208798786497482E+01 -0.315893185759669E+00 -0.137038214298871E+01
   0.157960905678746E+01 -0.111666186299421E+01 -0.188098367557328E+00
   0.176722648151161E+00  0.157220055295124E+01 -0.549244514428713E+00
   0.413549982881350E+00  0.124293825210282E+01 -0.413292213496438E+00
  -0.518196159768497E-01  0.156055639717803E+01 -0.354886187937524E+00
   0.932704470229611E+00  0.161865364925514E+01 -0.278289879061639E+00
  -0.550248505828920E+00  0.327835937491013E+00 -0.212176697071920E+00
   0.471449912446209E+00 -0.126502708485817E+01 -0.508395171622552E-01
  -0.346768969777340E-01  0.600117602060752E+00 -0.209812777791214E+00
   0.239415983523373E+00 -0.396590813343482E+00  0.889101867964321E-01
   0.845104076968946E+00  0.490064754534755E+00  0.161629577817945E+00
   0.232394492410266E+00  0.669979613326749E+00  0.177092334836758E+00
   0.785919037794104E+00  0.746953448703104E-01  0.136681590515283E+01
  -0.242297288511260E+01  0.813621570329896E+00 -0.109938236160518E+00
   0.631842166005198E+00  0.142750632233666E+00  0.402190369700651E+00
   0.246017269464260E+00 -0.815775956373399E+00 -0.142503916741824E+00
  -0.190160866355757E+00 -0.897938059908811E+00 -0.609859938242305E+00
  -0.175441688743285E+00  0.892238999417940E+00  0.153927697073586E+01
   0.971554814764591E+00  0.701501857437628E+00 -0.177323657610931E+00
  -0.128242234510749E+01  0.357473268253829E-01  0.116786742008154E+01
  -0.168379225487570E+00  0.146581702276612E-01  0.137940275254017E+00
  -0.911838943600009E+00  0.151445559493570E+00  0.685368348947244E+00
   0.105297252736556E+01 -0.164888967425760E+01 -0.106817323891432E+01
  -0.238959990563791E+00 -0.941616363235927E-01  0.254536197137034E+00
   0.593018088062206E+00 -0.258196255527834E+00  0.946664238541083E+00
   0.584372037103213E+00 -0.519397248274090E+00 -0.650805080064247E+00
   0.580746593888837E+00  0.347688365931533E+00 -0.143151582867421E+01
  -0.265265939000226E+00 -0.268421098997548E+00  0.249374387076176E+00
   0.650534150939131E+00  0.386744806967020E+00  0.138337231145691E+00
  -0.625222652258490E+00 -0.109024200507865E+01 -0.306200807421660E+00
   0.490272566606019E-01  0.643901110757361E+00 -0.133198580088770E+00
  -0.740685025562594E-01 -0.108694816938120E+01  0.577370078726672E+00
  -0.117673499148589E+01  0.286406153390571E+00 -0.315994421187725E+00
  -0.671733939835193E+00 -0.242703007391325E+00 -0.682898905172690E+00
  -0.127313488636926E+01 -0.546052866186300E+00  0.682112974613897E-02
  -0.536220045532415E+00  0.142444427659070E+01  0.407364372872724E+00
   0.199128135687766E+01  0.175092109361803E+00 -0.504495167024923E+00
  -0.749893842214666E+00  0.141591741572639E+00 -0.195939861647716E+01
   0.634161490132664E+00 -0.304618530624659E+00  0.842303577503533E+00
  -0.569981485838253E+00 -0.658528277966175E+00 -0.141505129996488E+01
   0.673732223208280E+00  0.336718569399698E+00 -0.873657119154922E+00
   0.575539855776824E-01  0.615169440155679E-01  0.396206404068714E+00
   0.217989903714096E+00  0.266026700080616E+00  0.456853655076213E+00
  -0.323673159711972E+00 -0.611099882613120E+00 -0.719838076187852E+00
   0.179210747801802E+00  0.176690750175402E+01 -0.113339417935431E+01
  -0.349619865489311E+00 -0.552927802503112E+00  0.301784563927975E+00
   0.686342059817152E+00 -0.815751441075490E+00  0.852676644374397E+00
   0.376446048353786E+00 -0.117727274862370E+01 -0.134537162384758E+00
   0.142026049882764E+01 -0.477139781848002E+00 -0.959435863894191E+00
   0.390097176333311E+00 -0.258598910782104E+00 -0.795496144562691E-02
   0.102353446279380E+01 -0.186134357664350E+00 -0.892947861300630E+00
   0.123072606727929E+01  0.658199108336851E+00 -0.864472156336820E+00
  -0.848244538084747E+00  0.823649476945407E+00  0.688709969286037E-01
   0.276065457067407E+00 -0.238161968547139E-02 -0.322648234711946E+00
  -0.759443128708108E+00 -0.554143377760608E+00 -0.131536312283242E+01
  -0.620154114444885E+00  0.690687311417013E+00  0.415385078414015E+00
   0.314968240540831E+00 -0.134984188447892E+01  0.131716950349831E+00
   0.691188272267926E+00  0.117402258772147E+01 -0.947624367102909E+00
  -0.867550820436600E+00  0.538741173393510E+00  0.985656123597706E+00
  -0.130418181813038E+01  0.104333559568627E+01  0.323032301030648E+00
   0.155783228998259E+01 -0.159530708574011E+00  0.571621691935371E+00
  -0.146810703774586E+01 -0.150693619499558E+01 -0.157234912260396E+01
  -0.121155039107594E+01 -0.207333837733238E+01 -0.966658134530044E+00
  -0.652062924948841E+00 -0.430008641961485E+00  0.397399310519622E+00
  -0.118776257336897E+01  0.255366252989699E+00  0.562379993375245E+00
   0.256888618680635E+00  0.415917279856181E+00 -0.122276376644341E+01
  -0.657034122553756E+00  0.125147030181952E+01 -0.250903457261056E+01
   0.721564645942286E+00  0.966860411905172E+00 -0.215109285107859E+00
   0.126410579303750E+01 -0.302831070665550E+00  0.515495061343142E+00
  -0.179232802506554E+00 -0.186422470770616E+01  0.215769694124351E+00
  -0.588307454323516E+00  0.364423855546754E+00 -0.151810033151468E+00
  -0.217499070445133E+00 -0.641205801229263E+00 -0.142759537624067E+01
   0.197015492430024E+01  0.639947639195885E+00 -0.536098028110811E+00
   0.119974655244164E+01  0.467503868874828E+00 -0.127228561366275E+00
   0.378556071810801E+00  0.345170518943129E+00 -0.491640429347361E+00
   0.141783515488928E+00 -0.448382871887072E+00 -0.416689101342497E+00
  -0.758298713460114E+00  0.505565637346855E+00  0.176626048368564E+01
   0.797978853869956E+00  0.361260387143491E+00 -0.715699779433876E+00
   0.978662969255300E+00  0.664301841900491E+00 -0.774575728821482E+00
   0.133079553816048E+01  0.890947717502336E+00 -0.529236738974116E+00
  -0.937180761702961E+00  0.202172112749703E+01 -0.676048602299082E+00
   0.274160545352387E+00 -0.539503267155386E+00  0.642570845551879E-01
   0.383798009942075E+00 -0.986575198378232E+00 -0.124299344023448E+01
  -0.313968544930183E+00 -0.225931226739136E+00  0.113986477667179E+01
