2000 0.982026522002
2001 0.982063744491
2002 0.982102702351
2003 0.982142215775
2004 0.982175377089
2005 0.982218336201
2006 0.982254946134
2007 0.982292112822
2008 0.9823310097
2009 0.982370460499
2010 0.982403578219
2011 0.982446464426
2012 0.982483020467
2013 0.982520131614
2014 0.982558967799
2015 0.982598356272
2016 0.982631430584
2017 0.982674244246
2018 0.982710746642
2019 0.982747802502
2020 0.982786578283
2021 0.982825904726
2022 0.982858935812
2023 0.982901677287
2024 0.982938126282
2025 0.982975127112
2026 0.983013842771
2027 0.983053107478
2028 0.983086095522
2029 0.983128765163
2030 0.983165161001
2031 0.983202107051
2032 0.983240762872
2033 0.983279966136
2034 0.983312911318
2035 0.983355509477
2036 0.983391852398
2037 0.98342874392
2038 0.983467340181
2039 0.983506482291
2040 0.983539384792
2041 0.983581911817
2042 0.98361820206
2043 0.983655039301
2044 0.983693576282
2045 0.983732657525
2046 0.983765517522
2047 0.98380797376
2048 0.983844211561
2049 0.983880994769
2050 0.983919472744
2051 0.983958493405
2052 0.983991311076
2053 0.984033696869
2054 0.984069882464
2055 0.984106611883
2056 0.984145031126
2057 0.984183991488
2058 0.984216767009
2059 0.984259082696
2060 0.984295216319
2061 0.984331892191
2062 0.984370252974
2063 0.984409153317
2064 0.984441886862
2065 0.984484132781
2066 0.984520214664
2067 0.98455683723
2068 0.984595139822
2069 0.984633980424
2070 0.984666672166
2071 0.984708848653
2072 0.984744879025
2073 0.984781448523
2074 0.984819693191
2075 0.984858474328
2076 0.98489112444
2077 0.984933231826
2078 0.984969210915
2079 0.985005727584
2080 0.985043914593
2081 0.985082636539
2082 0.985115245191
2083 0.985157283805
2084 0.985193211838
2085 0.985229675912
2086 0.985267805526
2087 0.985306468553
2088 0.985339035914
2089 0.985381006084
2090 0.985416883285
2091 0.985453294998
2092 0.985491367476
2093 0.985529971854
2094 0.985562498093
2095 0.985604400143
2096 0.985640226735
2097 0.985676586318
2098 0.985714601921
2099 0.985753147917
2100 0.985785633201
2101 0.985827467452
2102 0.985863243657
2103 0.985899551341
2104 0.985937510325
2105 0.985975998204
2106 0.986008442699
2107 0.98605020947
2108 0.986085935508
2109 0.98612219152
2110 0.98616009414
2111 0.986198524166
2112 0.986230928037
2113 0.986272627645
2114 0.986308303734
2115 0.986344508301
2116 0.98638235481
2117 0.986420727245
2118 0.986453090655
2119 0.986494723415
2120 0.98653034977
2121 0.986566503117
2122 0.986604293767
2123 0.98664260887
2124 0.986674931981
2125 0.986716498204
2126 0.986752075041
2127 0.986788177391
2128 0.986825912431
2129 0.986864170459
2130 0.986896453433
2131 0.986937953428
2132 0.98697348096
2133 0.987009532535
2134 0.987047212212
2135 0.987085413421
2136 0.987117656418
2137 0.987159090493
2138 0.987194568931
2139 0.98723056995
2140 0.98726819451
2141 0.987306339154
2142 0.987338542332
2143 0.987379910792
2144 0.987415340346
2145 0.987451291028
2146 0.987488860714
2147 0.987526949045
2148 0.987559112563
2149 0.987600415708
2150 0.987635796588
2151 0.987671697149
2152 0.987709212204
2153 0.987747244471
2154 0.987779368485
2155 0.987820606617
2156 0.987855939029
2157 0.987891789684
2158 0.987929250347
2159 0.987967226799
2160 0.987999311465
2161 0.988040484881
2162 0.98807576903
2163 0.988111569993
2164 0.988148976503
2165 0.988186897386
2166 0.988218942858
2167 0.988260051854
2168 0.988295287945
2169 0.988331039427
2170 0.988368392021
2171 0.988406257578
2172 0.988438264011
2173 0.988479308879
2174 0.988514497114
2175 0.988550199327
2176 0.988587498238
2177 0.988625308713
2178 0.988657276258
2179 0.98869825729
2180 0.98873339787
2181 0.988769051022
2182 0.988806296484
2183 0.988844052117
2184 0.988875980927
2185 0.988916898412
2186 0.988951991536
2187 0.988987595834
2188 0.989024788079
2189 0.989062489109
2190 0.989094379333
2191 0.989135233557
2192 0.989170279425
2193 0.989205835074
2194 0.989242974332
2195 0.989280620996
2196 0.989312472784
2197 0.989353264032
2198 0.989388262839
2199 0.989423770045
2200 0.989460856543
2201 0.989498449076
2202 0.989530262577
2203 0.98957099113
2204 0.989605943073
2205 0.989641402038
2206 0.989678436003
2207 0.98971597464
2208 0.98974775
2209 0.98978841614
2210 0.989823321412
2211 0.989858732337
2212 0.989895713994
2213 0.989933198966
2214 0.989964936332
2215 0.990005540337
2216 0.99004039913
2217 0.990075762217
2218 0.990112691787
2219 0.990150123326
2220 0.990181822843
2221 0.990222364988
2222 0.990257177495
2223 0.990292492941
2224 0.990329370647
2225 0.99036674898
2226 0.990398410793
2227 0.990438891354
2228 0.990473657764
2229 0.990508925765
2230 0.990545751828
2231 0.990583077183
2232 0.990614701435
2233 0.990655120682
2234 0.990689841184
2235 0.990725061938
2236 0.990761836575
2237 0.990799109176
2238 0.99083069601
2239 0.990871054214
2240 0.990905728995
2241 0.990940902696
2242 0.990977626124
2243 0.991014846196
2244 0.991046395753
2245 0.991086693183
2246 0.991121322428
2247 0.991156449269
2248 0.991193121703
2249 0.991230289469
2250 0.99126180189
2251 0.99130203881
2252 0.991336622706
2253 0.991371702877
2254 0.991408324531
2255 0.991445440211
2256 0.991476915636
2257 0.991517092312
2258 0.99155163104
2259 0.991586664734
2260 0.99162323582
2261 0.991660299632
2262 0.991691738199
2263 0.991731854894
2264 0.991766348637
2265 0.991801336041
2266 0.991837856771
2267 0.991874868933
2268 0.991906270781
2269 0.991946327753
2270 0.991980776693
2271 0.992015717996
2272 0.992052188577
2273 0.992089149306
2274 0.992120514571
2275 0.99216051208
2276 0.992194916396
2277 0.992229811783
2278 0.992266232425
2279 0.992303141935
2280 0.992334470752
2281 0.992374409056
2282 0.992408768925
2283 0.992443618583
2284 0.992479989491
2285 0.992516847995
2286 0.992548140501
2287 0.992588019853
2288 0.992622335453
2289 0.992657139566
2290 0.992693460944
2291 0.992730268653
2292 0.992761524982
2293 0.992801345636
2294 0.992835617144
2295 0.992870375893
2296 0.992906647946
2297 0.99294340507
2298 0.992974625355
2299 0.993014387562
2300 0.993048615152
2301 0.993083328719
2302 0.993119551649
2303 0.993156258397
2304 0.993187442771
2305 0.99322714678
2306 0.993261330626
2307 0.993295999192
2308 0.993332173198
2309 0.993368829778
2310 0.993399978372
2311 0.993439624432
2312 0.993473764706
2313 0.993508388448
2314 0.993544513731
2315 0.993581120347
2316 0.993612233293
2317 0.993651821649
2318 0.993685918523
2319 0.99372049762
2320 0.993756574378
2321 0.993793131235
2322 0.993824208662
2323 0.993863739558
2324 0.993897793201
2325 0.99393232783
2326 0.993968356259
2327 0.99400486356
2328 0.994035905598
2329 0.994075379277
2330 0.994109389859
2331 0.994143880195
2332 0.994179860489
2333 0.994216318435
2334 0.994247325212
2335 0.994286741916
2336 0.994320709604
2337 0.994355155821
2338 0.994391088176
2339 0.994427496967
2340 0.99445846861
2341 0.994497828577
2342 0.994531753538
2343 0.994566155809
2344 0.994602040417
2345 0.994638400252
2346 0.994669336889
2347 0.994708640356
2348 0.994742522757
2349 0.994776881254
2350 0.994812718305
2351 0.994849029382
2352 0.994879931138
2353 0.994919178342
2354 0.994953018345
2355 0.994987333239
2356 0.995023122924
2357 0.995059385439
2358 0.99509025244
2359 0.995129443614
2360 0.995163241385
2361 0.995197512845
2362 0.995233255352
2363 0.995269469499
2364 0.995300301869
2365 0.995339437247
2366 0.995373192947
2367 0.995407421141
2368 0.995443116659
2369 0.995479282631
2370 0.995510080494
2371 0.995549160306
2372 0.995582874097
2373 0.995617059194
2374 0.995652707907
2375 0.995688825898
2376 0.995719589376
2377 0.995758613852
2378 0.995792285893
2379 0.995826428058
2380 0.995862030153
2381 0.995898100352
2382 0.995928829568
2383 0.995967798936
2384 0.996001429387
2385 0.996035528786
2386 0.996071084445
2387 0.996107107043
2388 0.996137802118
2389 0.996176716603
2390 0.996210305623
2391 0.996244362419
2392 0.996279871826
2393 0.99631584701
2394 0.996346508065
2395 0.996385367893
2396 0.996418915639
2397 0.996452929995
2398 0.996488393331
2399 0.996524321288
2400 0.996554948443
2401 0.996593753837
2402 0.996627260464
2403 0.996661232543
2404 0.996696649988
2405 0.996732530904
2406 0.996763124277
2407 0.996801875459
2408 0.996835341124
2409 0.996869271086
2410 0.996904642818
2411 0.996940476878
2412 0.996971036589
2413 0.997009733779
2414 0.997043158634
2415 0.99707704664
2416 0.997112372837
2417 0.997148160225
2418 0.99717868639
2419 0.997217329807
2420 0.997250714007
2421 0.997284560215
2422 0.997319841054
2423 0.997355581951
2424 0.997386074688
2425 0.997424664548
2426 0.997458008245
2427 0.997491812813
2428 0.997527048469
2429 0.997562743056
2430 0.997593202482
2431 0.997631739002
2432 0.997665042346
2433 0.997698805431
2434 0.997733996079
2435 0.997769644537
2436 0.997800070766
2437 0.997838554161
2438 0.997871817302
2439 0.99790553906
2440 0.997940684872
2441 0.997976287379
2442 0.998006680526
2443 0.998045111009
2444 0.998078334098
2445 0.998112014683
2446 0.998147115832
2447 0.998182672565
2448 0.998213032745
2449 0.998251410526
2450 0.998284593711
2451 0.998318233277
2452 0.998353289934
2453 0.998388801069
2454 0.998419128396
2455 0.998457453686
2456 0.998490597114
2457 0.998524195814
2458 0.998559208148
2459 0.998594673861
2460 0.998624968447
2461 0.998663241455
2462 0.998696345272
2463 0.998729903259
2464 0.998764871439
2465 0.998800291904
2466 0.99883055386
2467 0.998868774794
2468 0.998901839146
2469 0.99893535657
2470 0.998970280764
2471 0.999005656153
2472 0.999035885593
2473 0.999074054657
2474 0.99910707969
2475 0.9991405567
2476 0.999175437075
2477 0.999210767561
2478 0.999240964594
2479 0.999279081994
2480 0.99931206785
2481 0.999345504597
2482 0.999380341317
2483 0.99941562707
2484 0.999445791807
2485 0.999483857747
2486 0.99951680457
2487 0.9995502012
2488 0.99958499443
2489 0.999620235621
2490 0.99965036817
2491 0.999688382852
2492 0.999721290783
2493 0.999754647445
2494 0.999789397349
2495 0.999824594144
2496 0.999854694616
2497 0.99989265824
2498 0.999925527421
2499 0.99995884426
2500 0.999993551001
2501 1.00002870357
2502 1.00005877207
2503 1.00009668484
2504 1.00012951541
2505 1.00016279257
2506 1.00019745631
2507 1.00023256481
2508 1.00026260145
2509 1.00030046356
2510 1.00033325566
2511 1.00036649329
2512 1.00040111419
2513 1.0004361788
2514 1.00046618368
2515 1.00050399532
2516 1.00053674909
2517 1.00056994733
2518 1.00060452555
2519 1.00063954643
2520 1.00066951966
2521 1.00070728104
2522 1.00073999661
2523 1.0007731556
2524 1.00080769129
2525 1.00084266861
2526 1.0008726103
2527 1.0009103216
2528 1.00094299912
2529 1.00097611901
2530 1.00101061233
2531 1.00104554623
2532 1.00107545649
2533 1.00111311791
2534 1.0011457575
2535 1.00117883843
2536 1.00121328954
2537 1.0012481802
2538 1.00127805913
2539 1.00131567086
2540 1.00134827267
2541 1.00138131477
2542 1.00141572382
2543 1.0014505714
2544 1.0014804191
2545 1.00151798133
2546 1.00155054549
2547 1.0015835489
2548 1.00161791606
2549 1.00165272071
2550 1.00168253728
2551 1.0017200502
2552 1.00175257684
2553 1.00178554171
2554 1.00181986712
2555 1.00185462901
2556 1.00188441455
2557 1.00192187836
2558 1.00195436761
2559 1.00198729407
2560 1.00202157789
2561 1.00205629717
2562 1.00208605179
2563 1.00212346666
2564 1.00215591866
2565 1.00218880685
2566 1.00222304922
2567 1.00225772605
2568 1.00228744985
2569 1.00232481597
2570 1.00235723085
2571 1.0023900809
2572 1.00242428198
2573 1.00245891651
2574 1.00248860959
2575 1.00252592716
2576 1.00255830504
2577 1.0025911171
2578 1.00262527703
2579 1.00265986942
2580 1.00268953188
2581 1.00272680106
2582 1.00275914208
2583 1.00279191627
2584 1.00282603521
2585 1.00286058561
2586 1.00289021756
2587 1.00292743854
2588 1.00295974283
2589 1.00299247929
2590 1.00302655738
2591 1.00306106594
2592 1.00309066747
2593 1.00312784044
2594 1.00316010812
2595 1.00319280698
2596 1.00322684437
2597 1.00326131125
2598 1.00329088245
2599 1.00332800759
2600 1.00336023879
2601 1.00339290018
2602 1.00342689702
2603 1.00346132236
2604 1.00349086335
2605 1.00352794083
2606 1.00356013568
2607 1.00359275973
2608 1.00362671616
2609 1.00366110012
2610 1.00369061098
2611 1.00372764098
2612 1.0037597996
2613 1.00379238645
2614 1.00382630262
2615 1.00386064534
2616 1.00389012617
2617 1.00392710887
2618 1.00395923139
2619 1.00399178116
2620 1.00402565721
2621 1.00405995884
2622 1.00408940974
2623 1.00412634532
2624 1.00415843187
2625 1.00419094468
2626 1.00422478076
2627 1.00425904145
2628 1.00428846251
2629 1.00432535114
2630 1.00435740183
2631 1.00438987783
2632 1.00442367407
2633 1.00445789397
2634 1.00448728529
2635 1.00452412714
2636 1.0045561421
2637 1.00458858141
2638 1.00462233795
2639 1.0046565172
2640 1.00468587888
2641 1.00472267412
2642 1.00475465348
2643 1.00478705621
2644 1.00482077321
2645 1.00485491195
2646 1.00488424408
2647 1.00492099289
2648 1.00495293675
2649 1.00498530305
2650 1.00501898063
2651 1.00505307901
2652 1.00508238168
2653 1.00511908423
2654 1.00515099273
2655 1.00518332271
2656 1.00521696102
2657 1.00525101918
2658 1.00528029249
2659 1.00531694894
2660 1.0053488222
2661 1.00538111599
2662 1.00541471515
2663 1.00544873323
2664 1.00547797727
2665 1.0055145878
2666 1.00554642593
2667 1.00557868365
2668 1.00561224382
2669 1.00564622196
2670 1.00567543683
2671 1.00571200159
2672 1.00574380472
2673 1.0057760265
2674 1.00580954779
2675 1.00584348615
2676 1.00587267192
2677 1.0059091911
2678 1.00594095933
2679 1.00597314529
2680 1.00600662785
2681 1.00604052655
2682 1.00606968333
2683 1.00610615708
2684 1.00613789054
2685 1.0061700408
2686 1.00620348477
2687 1.00623734395
2688 1.00626647183
2689 1.00630290031
2690 1.00633459912
2691 1.00636671379
2692 1.0064001193
2693 1.0064339391
2694 1.00646303817
2695 1.00649942155
2696 1.00653108582
2697 1.00656316503
2698 1.00659653222
2699 1.00663031277
2700 1.00665938311
2701 1.00669572156
2702 1.00672735141
2703 1.00675939528
2704 1.00679272426
2705 1.00682646571
2706 1.00685550742
2707 1.0068918011
2708 1.00692339663
2709 1.00695540528
2710 1.0069886962
2711 1.00702239868
2712 1.00705141184
2713 1.0070876609
2714 1.00711922224
2715 1.00715119579
2716 1.00718444877
2717 1.00721811241
2718 1.00724709712
2719 1.00728330173
2720 1.00731482898
2721 1.00734676754
2722 1.00737998272
2723 1.00741360766
2724 1.00744256399
2725 1.00747872431
2726 1.00751021759
2727 1.00754212128
2728 1.00757529879
2729 1.00760888515
2730 1.00763781321
2731 1.00767392938
2732 1.00770538881
2733 1.00773725775
2734 1.0077703977
2735 1.00780394563
2736 1.0078328455
2737 1.00786891769
2738 1.00790034337
2739 1.00793217767
2740 1.0079652802
2741 1.00799878983
2742 1.00802766158
2743 1.00806368995
2744 1.008095082
2745 1.00812688177
2746 1.00815994701
2747 1.00819341846
2748 1.00822226219
2749 1.00825824689
2750 1.00828960541
2751 1.00832137078
2752 1.00835439885
2753 1.00838783226
2754 1.00841664805
2755 1.00845258923
2756 1.00848391434
2757 1.00851564541
2758 1.00854863644
2759 1.00858203193
2760 1.00861081988
2761 1.00864671769
2762 1.00867800949
2763 1.00870970638
2764 1.0087426605
2765 1.0087760182
2766 1.00880477838
2767 1.00884063298
2768 1.00887189158
2769 1.0089035544
2770 1.00893647172
2771 1.00896979177
2772 1.00899852426
2773 1.0090343358
2774 1.00906556132
2775 1.00909719017
2776 1.00913007083
2777 1.00916335334
2778 1.00919205824
2779 1.00922782687
2780 1.00925901941
2781 1.00929061441
2782 1.00932345852
2783 1.00935670363
2784 1.00938538101
2785 1.00942110688
2786 1.00945226654
2787 1.00948382781
2788 1.0095166355
2789 1.00954984332
2790 1.00957849328
2791 1.00961417653
2792 1.00964530342
2793 1.00967683106
2794 1.00970960244
2795 1.00974277311
2796 1.00977139572
2797 1.00980703651
2798 1.00983813074
2799 1.00986962486
2800 1.00990236006
2801 1.0099354937
2802 1.00996408904
2803 1.00999968751
2804 1.01003074918
2805 1.01006220989
2806 1.01009490903
2807 1.01012800576
2808 1.01015657391
2809 1.01019213022
2810 1.01022315943
2811 1.01025458683
2812 1.01028725003
2813 1.01032030998
2814 1.01034885103
2815 1.01038436531
2816 1.01041536217
2817 1.01044675638
2818 1.01047938375
2819 1.01051240703
2820 1.01054092106
2821 1.01057639346
2822 1.01060735807
2823 1.0106387192
2824 1.01067131086
2825 1.0107042976
2826 1.01073278469
2827 1.01076821535
2828 1.01079914782
2829 1.01083047596
2830 1.01086303204
2831 1.01089598236
2832 1.01092444258
2833 1.01095983165
2834 1.01099073207
2835 1.01102202734
2836 1.01105454794
2837 1.01108746196
2838 1.01111589541
2839 1.01115124302
2840 1.0111821115
2841 1.01121337399
2842 1.01124585924
2843 1.01127873708
2844 1.01130714382
2845 1.01134245012
2846 1.01137328677
2847 1.01140451659
2848 1.0114369666
2849 1.01146980838
2850 1.0114981885
2851 1.01153345362
2852 1.01156425853
2853 1.01159545579
2854 1.01162787067
2855 1.01166067651
2856 1.01168903008
2857 1.01172425418
2858 1.01175502744
2859 1.01178619224
2860 1.01181857211
2861 1.01185134212
2862 1.01187966923
2863 1.01191485243
2864 1.01194559415
2865 1.0119767266
2866 1.01200907157
2867 1.01204180587
2868 1.01207010658
2869 1.01210524903
2870 1.01213595932
2871 1.01216705951
2872 1.01219936969
2873 1.0122320684
2874 1.0122603428
2875 1.01229544464
2876 1.01232612357
2877 1.01235719161
2878 1.01238946713
2879 1.01242213036
2880 1.01245037852
2881 1.01248543987
2882 1.01251608757
2883 1.01254712356
2884 1.01257936451
2885 1.01261199237
2886 1.01264021438
2887 1.01267523539
2888 1.01270585193
2889 1.01273685597
2890 1.01276906247
2891 1.01280165509
2892 1.01282985101
2893 1.01286483181
2894 1.0128954173
2895 1.01292638949
2896 1.01295856165
2897 1.01299111914
2898 1.01301928905
2899 1.01305422977
2900 1.01308478431
2901 1.01311572475
2902 1.01314786268
2903 1.01318038514
2904 1.01320852912
2905 1.01324342991
2906 1.01327395359
2907 1.01330486237
2908 1.01333696618
2909 1.01336945374
2910 1.01339757186
2911 1.01343243283
2912 1.01346292575
2913 1.01349380298
2914 1.01352587277
2915 1.01355832554
2916 1.01358641788
2917 1.01362123917
2918 1.01365170142
2919 1.0136825472
2920 1.01371458309
2921 1.01374700116
2922 1.0137750678
2923 1.01380984955
2924 1.01384028122
2925 1.01387109564
2926 1.01390309773
2927 1.01393548123
2928 1.01396352223
2929 1.01399826457
2930 1.01402866576
2931 1.01405944892
2932 1.01409141732
2933 1.01412376636
2934 1.0141517818
2935 1.01418648485
2936 1.01421685565
2937 1.01424760764
2938 1.01427954246
2939 1.01431185715
2940 1.0143398471
2941 1.01437451099
2942 1.0144048515
2943 1.01443557243
2944 1.01446747377
2945 1.01449975421
2946 1.01452771874
2947 1.01456234361
2948 1.01459265392
2949 1.01462334387
2950 1.01465521184
2951 1.01468745814
2952 1.01471539733
2953 1.0147499833
2954 1.0147802635
2955 1.01481092257
2956 1.01484275728
2957 1.01487496955
2958 1.01490288347
2959 1.01493743066
2960 1.01496768084
2961 1.01499830913
2962 1.01503011067
2963 1.01506228903
2964 1.01509017775
2965 1.0151246863
2966 1.01515490654
2967 1.01518550415
2968 1.01521727263
2969 1.01524941716
2970 1.01527728076
2971 1.01531175079
2972 1.0153419412
2973 1.0153725082
2974 1.01540424373
2975 1.01543635456
2976 1.01546419309
2977 1.01549862473
2978 1.01552878539
2979 1.0155593219
2980 1.01559102457
2981 1.01562310179
2982 1.01565091534
2983 1.01568530871
2984 1.01571543971
2985 1.0157459458
2986 1.01577761573
2987 1.01580965945
2988 1.01583744808
2989 1.0158718033
2990 1.01590190474
2991 1.01593238051
2992 1.01596401779
2993 1.01599602812
2994 1.0160237919
2995 1.0160581091
2996 1.01608818106
2997 1.0161186266
2998 1.01615023133
2999 1.01618220837
3000 1.01620994738
3001 1.01624422667
3002 1.01627426924
3003 1.01630468465
3004 1.01633625692
3005 1.01636820078
3006 1.01639591508
3007 1.0164301566
3008 1.01646016986
3009 1.01649055523
3010 1.01652209515
3011 1.01655400592
3012 1.01658169559
3013 1.01661589944
3014 1.01664588349
3015 1.0166762389
3016 1.01670774658
3017 1.01673962436
3018 1.01676728946
3019 1.01680145578
3020 1.0168314107
3021 1.01686173625
3022 1.01689321177
3023 1.01692505668
3024 1.01695269728
3025 1.01698682618
3026 1.01701675205
3027 1.01704704782
3028 1.01707849129
3029 1.01711030342
3030 1.01713791959
3031 1.01717201119
3032 1.0172019081
3033 1.01723217419
3034 1.01726358571
3035 1.01729536516
3036 1.01732295696
3037 1.01735701139
3038 1.01738687942
3039 1.01741711592
3040 1.01744849558
3041 1.01748024245
3042 1.01750780995
3043 1.01754182732
3044 1.01757166657
3045 1.01760187355
3046 1.01763322145
3047 1.01766493585
3048 1.01769247912
3049 1.01772645954
3050 1.01775627009
3051 1.01778644764
3052 1.01781776388
3053 1.0178494459
3054 1.01787696501
3055 1.0179109086
3056 1.01794069053
3057 1.01797083875
3058 1.01800212342
3059 1.01803377316
3060 1.01806126817
3061 1.01809517505
3062 1.01812492845
3063 1.01815504742
3064 1.01818630062
3065 1.01821791818
3066 1.01824538916
3067 1.01827925944
3068 1.01830898439
3069 1.0183390742
3070 1.01837029602
3071 1.01840188149
3072 1.0184293285
3073 1.01846316231
3074 1.01849285889
3075 1.01852291962
3076 1.01855411016
3077 1.01858566365
3078 1.01861308676
3079 1.01864688419
3080 1.01867655249
3081 1.01870658423
3082 1.01873774358
3083 1.01876926518
3084 1.01879666446
3085 1.01883042564
3086 1.01886006573
3087 1.01889006857
3088 1.01892119682
3089 1.01895268663
3090 1.01898006213
3091 1.01901378717
3092 1.01904339915
3093 1.01907337316
3094 1.01910447042
3095 1.01913592852
3096 1.01916328032
3097 1.01919696934
3098 1.01922655327
3099 1.01925649855
3100 1.01928756489
3101 1.01931899139
3102 1.01934631955
3103 1.01937997265
3104 1.01940952863
3105 1.01943944525
3106 1.01947048078
3107 1.01950187577
3108 1.01952918035
3109 1.01956279765
3110 1.01959232574
3111 1.0196222138
3112 1.0196532186
3113 1.01968458218
3114 1.01971186325
3115 1.01974544485
3116 1.01977494515
3117 1.01980480472
3118 1.01983577888
3119 1.01986711114
3120 1.01989436876
3121 1.01992791478
3122 1.01995738736
3123 1.01998721853
3124 1.02001816215
3125 1.02004946318
3126 1.02007669741
3127 1.02011020796
3128 1.0201396529
3129 1.02016945575
3130 1.02020036891
3131 1.02023163881
3132 1.02025884972
3133 1.0202923249
3134 1.02032174229
3135 1.02035151689
3136 1.02038239969
3137 1.02041363855
3138 1.02044082619
3139 1.02047426612
3140 1.02050365602
3141 1.02053340247
3142 1.02056425499
3143 1.0205954629
3144 1.02062262735
3145 1.02065603213
3146 1.02068539463
3147 1.02071511299
3148 1.02074593534
3149 1.02077711239
3150 1.0208042537
3151 1.02083762344
3152 1.02086695861
3153 1.02089664898
3154 1.02092744123
3155 1.02095858751
3156 1.02098570574
3157 1.02101904055
3158 1.02104834848
3159 1.02107801093
3160 1.02110877317
3161 1.02113988877
3162 1.02116698399
3163 1.02120028397
3164 1.02122956473
3165 1.02125919934
3166 1.02128993166
3167 1.02132101668
3168 1.02134808895
3169 1.02138135421
3170 1.02141060788
3171 1.02144021473
3172 1.02147091721
3173 1.02150197173
3174 1.02152902111
3175 1.02156225175
3176 1.02159147841
3177 1.02162105757
3178 1.02165173031
3179 1.02168275443
3180 1.02170978097
3181 1.02174297711
3182 1.02177217682
3183 1.02180172839
3184 1.02183237146
3185 1.02186336526
3186 1.02189036903
3187 1.02192353076
3188 1.02195270361
3189 1.02198222765
3190 1.02201284115
3191 1.02204380472
3192 1.02207078578
3193 1.02210391321
3194 1.02213305927
3195 1.02216255587
3196 1.02219313988
3197 1.02222407331
3198 1.02225103171
3199 1.02228412494
3200 1.02231324429
3201 1.02234271352
3202 1.02237326813
3203 1.0224041715
3204 1.02243110732
3205 1.02246416645
3206 1.02249325916
3207 1.0225227011
3208 1.02255322638
3209 1.02258409979
3210 1.02261101307
3211 1.02264403821
3212 1.02267310435
3213 1.02270251908
3214 1.02273301513
3215 1.02276385866
3216 1.02279074946
3217 1.02282374071
3218 1.02285278036
3219 1.02288216795
3220 1.02291263485
3221 1.02294344859
3222 1.02297031698
3223 1.02300327443
3224 1.02303228767
3225 1.0230616482
3226 1.02309208603
3227 1.02312287006
3228 1.02314971609
3229 1.02318263985
3230 1.02321162674
3231 1.02324096029
3232 1.02327136914
3233 1.02330212354
3234 1.02332894727
3235 1.02336183745
3236 1.02339079807
3237 1.0234201047
3238 1.02345048465
3239 1.02348120951
3240 1.023508011
3241 1.02354086769
3242 1.02356980211
3243 1.02359908191
3244 1.02362943303
3245 1.02366012845
3246 1.02368690775
3247 1.02371973105
3248 1.02374863935
3249 1.02377789238
3250 1.02380821477
3251 1.02383888082
3252 1.02386563799
3253 1.023898428
3254 1.02392731024
3255 1.02395653659
3256 1.02398683032
3257 1.02401746708
3258 1.02404420219
3259 1.024076959
3260 1.02410581526
3261 1.024135015
3262 1.02416528016
3263 1.02419588772
3264 1.02422260081
3265 1.02425532453
3266 1.02428415488
3267 1.02431332807
3268 1.02434356474
3269 1.02437414318
3270 1.02440083432
3271 1.02443352503
3272 1.02446232954
3273 1.02449147627
3274 1.02452168452
3275 1.02455223393
3276 1.02457890317
3277 1.02461156098
3278 1.02464033972
3279 1.02466946006
3280 1.02469963998
3281 1.02473016043
3282 1.02475680783
3283 1.02478943284
3284 1.02481818587
3285 1.02484727989
3286 1.02487743155
3287 1.02490792313
3288 1.02493454875
3289 1.02496714105
3290 1.02499586845
3291 1.02502493622
3292 1.02505505971
3293 1.0250855225
3294 1.02511212638
3295 1.02514468607
3296 1.02517338791
3297 1.0252024295
3298 1.0252325249
3299 1.02526295898
3300 1.02528954118
3301 1.02532206835
3302 1.02535074471
3303 1.02537976019
3304 1.02540982757
3305 1.02544023302
3306 1.0254667936
3307 1.02549928835
3308 1.02552793928
3309 1.02555692873
3310 1.02558696817
3311 1.02561734508
3312 1.02564388409
3313 1.0256763465
3314 1.02570497209
3315 1.02573393558
3316 1.02576394715
3317 1.02579429559
3318 1.02582081309
3319 1.02585324327
3320 1.02588184357
3321 1.02591078116
3322 1.02594076496
3323 1.02597108501
3324 1.02599758105
3325 1.02602997908
3326 1.02605855417
3327 1.02608746594
3328 1.02611742202
3329 1.02614771377
3330 1.02617418841
3331 1.02620655439
3332 1.02623510432
3333 1.02626399034
3334 1.0262939188
3335 1.02632418231
3336 1.0263506356
3337 1.02638296963
3338 1.02641149448
3339 1.02644035482
3340 1.02647025572
3341 1.02650049108
3342 1.02652692308
3343 1.02655922523
3344 1.02658772507
3345 1.0266165598
3346 1.02664643322
3347 1.02667664051
3348 1.02670305126
3349 1.02673532164
3350 1.02676379653
3351 1.02679260571
3352 1.02682245173
3353 1.02685263103
3354 1.02687902059
3355 1.02691125929
3356 1.0269397093
3357 1.026968493
3358 1.0269983117
3359 1.02702846307
3360 1.0270548315
3361 1.02708703861
3362 1.0271154638
3363 1.0271442221
3364 1.02717401354
3365 1.02720413707
3366 1.02723048442
3367 1.02726266002
3368 1.02729106047
3369 1.02731979343
3370 1.02734955769
3371 1.02737965346
3372 1.02740597977
3373 1.02743812396
3374 1.02746649973
3375 1.02749520741
3376 1.02752494457
3377 1.02755501265
3378 1.02758131799
3379 1.02761343086
3380 1.027641782
3381 1.02767046448
3382 1.02770017462
3383 1.02773021508
3384 1.0277564995
3385 1.02778858113
3386 1.02781690772
3387 1.02784556506
3388 1.02787524824
3389 1.02790526117
3390 1.02793152471
3391 1.02796357519
3392 1.0279918773
3393 1.02802050957
3394 1.02805016587
3395 1.02808015134
3396 1.02810639405
3397 1.02813841348
3398 1.02816669116
3399 1.02819529843
3400 1.02822492791
3401 1.028254886
3402 1.02828110794
3403 1.02831309639
3404 1.02834134972
3405 1.02836993205
3406 1.0283995348
3407 1.02842946557
3408 1.0284556668
3409 1.02848762436
3410 1.02851585339
3411 1.02854441085
3412 1.02857398694
3413 1.02860389047
3414 1.02863007103
3415 1.0286619978
3416 1.0286902026
3417 1.02871873525
3418 1.02874828474
3419 1.02877816111
3420 1.02880432105
3421 1.02883621711
3422 1.02886439774
3423 1.02889290566
3424 1.02892242863
3425 1.02895227791
3426 1.02897841728
3427 1.02901028272
3428 1.02903843924
3429 1.02906692248
3430 1.029096419
3431 1.02912624126
3432 1.02915236012
3433 1.02918419502
3434 1.0292123275
3435 1.02924078613
3436 1.02927025627
3437 1.02930005159
3438 1.02932614998
3439 1.02935795442
3440 1.02938606292
3441 1.029414497
3442 1.02944394084
3443 1.02947370929
3444 1.02949978726
3445 1.02953156133
3446 1.02955964592
3447 1.02958805552
3448 1.02961747311
3449 1.02964721476
3450 1.02967327237
3451 1.02970501616
3452 1.02973307689
3453 1.02976146207
3454 1.0297908535
3455 1.02982056842
3456 1.02984660571
3457 1.0298783193
3458 1.02990635623
3459 1.02993471706
3460 1.02996408239
3461 1.02999377066
3462 1.03001978768
3463 1.03005147115
3464 1.03007948435
3465 1.03010782089
3466 1.03013716019
3467 1.03016682188
3468 1.03019281868
3469 1.03022447212
3470 1.03025246165
3471 1.03028077396
3472 1.0303100873
3473 1.03033972247
3474 1.0303656991
3475 1.03039732259
3476 1.03042528851
3477 1.03045357666
3478 1.03048286411
3479 1.03051247284
3480 1.03053842935
3481 1.03057002297
3482 1.03059796534
3483 1.03062622938
3484 1.03065549101
3485 1.03068507336
3486 1.03071100981
3487 1.03074257364
3488 1.03077049252
3489 1.03079873252
3490 1.03082796839
3491 1.03085752445
3492 1.03088344087
3493 1.030914975
3494 1.03094287045
3495 1.03097108647
3496 1.03100029666
3497 1.03102982648
3498 1.03105572292
3499 1.03108722743
3500 1.03111509951
3501 1.03114329162
3502 1.03117247619
3503 1.03120197985
3504 1.03122785636
3505 1.03125933133
3506 1.0312871801
3507 1.03131534835
3508 1.03134450737
3509 1.03137398493
3510 1.03139984157
3511 1.03143128707
3512 1.03145911259
3513 1.03148725705
3514 1.03151639058
3515 1.03154584213
3516 1.03157167893
3517 1.03160309505
3518 1.03163089738
3519 1.0316590181
3520 1.03168812622
3521 1.03171755181
3522 1.03174336882
3523 1.03177475565
3524 1.03180253484
3525 1.03183063189
3526 1.03185971466
3527 1.03188911436
3528 1.03191491164
3529 1.03194626924
3530 1.03197402536
3531 1.0320020988
3532 1.03203115628
3533 1.03206053016
3534 1.03208630775
3535 1.03211763621
3536 1.03214536931
3537 1.0321734192
3538 1.03220245146
3539 1.03223179959
3540 1.03225755753
3541 1.03228885693
3542 1.03231656708
3543 1.03234459347
3544 1.03237360058
3545 1.03240292302
3546 1.03242866137
3547 1.03245993178
3548 1.03248761903
3549 1.03251562199
3550 1.03254460401
3551 1.03257390083
3552 1.03259961963
3553 1.03263086114
3554 1.03265852554
3555 1.03268650513
3556 1.03271546212
3557 1.0327447334
3558 1.03277043269
3559 1.03280164537
3560 1.03282928699
3561 1.03285724326
3562 1.0328861753
3563 1.03291542108
3564 1.03294110092
3565 1.03297228485
3566 1.03299990374
3567 1.03302783676
3568 1.0330567439
3569 1.03308596427
3570 1.03311162469
3571 1.03314277994
3572 1.03317037616
3573 1.03319828599
3574 1.0332271683
3575 1.03325636331
3576 1.03328200437
3577 1.03331313103
3578 1.03334070463
3579 1.03336859132
3580 1.03339744886
3581 1.03342661859
3582 1.03345224032
3583 1.03348333846
3584 1.03351088951
3585 1.03353875311
3586 1.03356758595
3587 1.03359673046
3588 1.03362233292
3589 1.03365340261
3590 1.03368093116
3591 1.03370877174
3592 1.03373757994
3593 1.03376669929
3594 1.03379228252
3595 1.03382332384
3596 1.03385082994
3597 1.03387864756
3598 1.03390743119
3599 1.03393652545
3600 1.03396208948
3601 1.03399310251
3602 1.03402058622
3603 1.03404838094
3604 1.03407714005
3605 1.03410620928
3606 1.03413175418
3607 1.03416273899
3608 1.03419020036
3609 1.03421797223
3610 1.03424670689
3611 1.03427575116
3612 1.03430127696
3613 1.03433223363
3614 1.03435967272
3615 1.03438742179
3616 1.03441613206
3617 1.03444515143
3618 1.03447065818
3619 1.03450158678
3620 1.03452900365
3621 1.03455672998
3622 1.03458541593
3623 1.03461441046
3624 1.0346398982
3625 1.03467079881
3626 1.03469819351
3627 1.03472589716
3628 1.03475455884
3629 1.0347835286
3630 1.03480899738
3631 1.03483987006
3632 1.03486724265
3633 1.03489492368
3634 1.03492356115
3635 1.0349525062
3636 1.03497795606
3637 1.0350088009
3638 1.03503615142
3639 1.03506380989
3640 1.03509242321
3641 1.03512134362
3642 1.0351467746
3643 1.03517759166
3644 1.03520492018
3645 1.03523255613
3646 1.03526114538
3647 1.0352900412
3648 1.03531545335
3649 1.03534624271
3650 1.03537354928
3651 1.03540116277
3652 1.035429728
3653 1.0354585993
3654 1.03548399266
3655 1.03551475439
3656 1.03554203905
3657 1.03556963015
3658 1.03559817142
3659 1.03562701826
3660 1.03565239287
3661 1.03568312704
3662 1.03571038986
3663 1.03573795861
3664 1.03576647598
3665 1.03579529842
3666 1.03582065433
3667 1.03585136102
3668 1.03587860205
3669 1.03590614851
3670 1.03593464203
3671 1.03596344014
3672 1.03598877738
3673 1.03601945666
3674 1.03604667595
3675 1.03607420017
3676 1.03610266991
3677 1.03613144375
3678 1.03615676238
3679 1.03618741431
3680 1.03621461191
3681 1.03624211395
3682 1.03627055997
3683 1.03629930959
3684 1.03632460965
3685 1.03635523431
3686 1.03638241028
3687 1.03640989019
3688 1.03643831255
3689 1.03646703801
3690 1.03649231954
3691 1.036522917
3692 1.03655007139
3693 1.03657752922
3694 1.03660592798
3695 1.03663462935
3696 1.03665989238
3697 1.03669046272
3698 1.03671759557
3699 1.03674503139
3700 1.0367734066
3701 1.03680208394
3702 1.03682732852
3703 1.0368578718
3704 1.03688498318
3705 1.03691239703
3706 1.03694074875
3707 1.03696940212
3708 1.03699462829
3709 1.03702514458
3710 1.03705223453
3711 1.03707962647
3712 1.03710795476
3713 1.03713658422
3714 1.03716179203
3715 1.0371922814
3716 1.03721934997
3717 1.03724672005
3718 1.03727502497
3719 1.03730363057
3720 1.03732882006
3721 1.03735928258
3722 1.03738632983
3723 1.0374136781
3724 1.03744195971
3725 1.03747054152
3726 1.03749571272
3727 1.03752614846
3728 1.03755317443
3729 1.03758050095
3730 1.03760875931
3731 1.03763731738
3732 1.03766247035
3733 1.03769287937
3734 1.03771988412
3735 1.03774718893
3736 1.03777542409
3737 1.03780395849
3738 1.03782909325
3739 1.03785947563
3740 1.03788645921
3741 1.03791374238
3742 1.03794195439
3743 1.03797046517
3744 1.03799558178
3745 1.03802593758
3746 1.03805290004
3747 1.0380801616
3748 1.03810835054
3749 1.03813683776
3750 1.03816193625
3751 1.03819226554
3752 1.03821920693
3753 1.03824644695
3754 1.03827461285
3755 1.03830307657
3756 1.03832815698
3757 1.03835845983
3758 1.0383853802
3759 1.03841259872
3760 1.03844074166
3761 1.03846918193
3762 1.03849424431
3763 1.03852452078
3764 1.03855142018
3765 1.03857861726
3766 1.03860673728
3767 1.03863515417
3768 1.03866019855
3769 1.03869044872
3770 1.0387173272
3771 1.03874450288
3772 1.03877260004
3773 1.0388009936
3774 1.03882602003
3775 1.03885624395
3776 1.03888310156
3777 1.0389102559
3778 1.03893833026
3779 1.03896670054
3780 1.03899170905
3781 1.0390219068
3782 1.03904874359
3783 1.03907587664
3784 1.03910392825
3785 1.03913227532
3786 1.03915726596
3787 1.0391874376
3788 1.03921425361
3789 1.03924136542
3790 1.03926939433
3791 1.03929771825
3792 1.03932269105
3793 1.03935283664
3794 1.03937963193
3795 1.03940672255
3796 1.03943472883
3797 1.03946302964
3798 1.03948798464
3799 1.03951810426
3800 1.03954487888
3801 1.03957194836
3802 1.03959993205
3803 1.03962820982
3804 1.03965314706
3805 1.03968324077
3806 1.03970999475
3807 1.03973704315
3808 1.03976500431
3809 1.03979325909
3810 1.03981817861
3811 1.03984824647
3812 1.03987497988
3813 1.03990200723
3814 1.03992994592
3815 1.03995817776
3816 1.03998307961
3817 1.04001312168
3818 1.04003983456
3819 1.04006684092
3820 1.04009475719
3821 1.04012296616
3822 1.04014785036
3823 1.04017786672
3824 1.04020455911
3825 1.04023154453
3826 1.04025943843
3827 1.04028762458
3828 1.04031249118
3829 1.04034248188
3830 1.04036915384
3831 1.04039611837
3832 1.04042398996
3833 1.04045215333
3834 1.04047700237
3835 1.04050696749
3836 1.04053361906
3837 1.04056056275
3838 1.04058841207
3839 1.04061655273
3840 1.04064138425
3841 1.04067132384
3842 1.04069795507
3843 1.04072487796
3844 1.04075270508
3845 1.04078082308
3846 1.04080563711
3847 1.04083555124
3848 1.04086216218
3849 1.04088906432
3850 1.04091686929
3851 1.04094496469
3852 1.04096976127
3853 1.04099964999
3854 1.04102624069
3855 1.04105312214
3856 1.041080905
3857 1.04110897785
3858 1.04113375702
3859 1.04116362041
3860 1.0411901909
3861 1.0412170517
3862 1.04124481252
3863 1.04127286287
3864 1.04129762467
3865 1.04132746279
3866 1.04135401313
3867 1.04138085333
3868 1.04140859215
3869 1.04143662006
3870 1.04146136452
3871 1.04149117742
3872 1.04151770766
3873 1.04154452731
3874 1.04157224418
3875 1.0416002497
3876 1.04162497687
3877 1.04165476463
3878 1.0416812748
3879 1.04170807394
3880 1.04173576892
3881 1.04176375211
3882 1.04178846202
3883 1.04181822469
3884 1.04184471485
3885 1.04187149353
3886 1.04189916667
3887 1.04192712758
3888 1.04195182027
3889 1.0419815579
3890 1.0420080281
3891 1.04203478637
3892 1.04206243772
3893 1.0420903764
3894 1.0421150519
3895 1.04214476457
3896 1.04217121485
3897 1.04219795275
3898 1.04222558237
3899 1.04225349887
3900 1.04227815723
3901 1.042307845
3902 1.04233427539
3903 1.04236099298
3904 1.04238860091
3905 1.04241649528
3906 1.04244113654
3907 1.04247079946
3908 1.04249721002
3909 1.04252390734
3910 1.04255149364
3911 1.04257936594
3912 1.04260399012
3913 1.04263362826
3914 1.04266001904
3915 1.04268669613
3916 1.04271426084
3917 1.04274211112
3918 1.04276671827
3919 1.04279633168
3920 1.04282270272
3921 1.04284935964
3922 1.04287690282
3923 1.04290473113
3924 1.04292932127
3925 1.04295891003
3926 1.04298526137
3927 1.04301189816
3928 1.04303941985
3929 1.04306722624
3930 1.04309179942
3931 1.04312136358
3932 1.04314769527
3933 1.04317431197
3934 1.04320181223
3935 1.04322959676
3936 1.04325415301
3937 1.04328369262
3938 1.04331000471
3939 1.04333660137
3940 1.04336408024
3941 1.04339184296
3942 1.04341638232
3943 1.04344589745
3944 1.04347218997
3945 1.04349876664
3946 1.04352622418
3947 1.04355396514
3948 1.04357848764
3949 1.04360797835
3950 1.04363425135
3951 1.04366080807
3952 1.04368824433
3953 1.04371596357
3954 1.04374046926
3955 1.0437699356
3956 1.04379618912
3957 1.04382272594
3958 1.04385014096
3959 1.04387783855
3960 1.04390232745
3961 1.04393176948
3962 1.04395800358
3963 1.04398452054
3964 1.04401191438
3965 1.04403959035
3966 1.04406406251
3967 1.04409348029
3968 1.044119695
3969 1.04414619215
3970 1.04417356485
3971 1.04420121926
3972 1.0442256747
3973 1.0442550683
3974 1.04428126366
3975 1.04430774104
3976 1.04433509265
3977 1.04436272555
3978 1.04438716432
3979 1.04441653379
3980 1.04444270985
3981 1.04446916751
3982 1.04449649808
3983 1.04452410952
3984 1.04454853165
3985 1.04457787704
3986 1.04460403385
3987 1.04463047183
3988 1.04465778141
3989 1.04468537143
3990 1.04470977696
3991 1.04473909833
3992 1.04476523592
3993 1.04479165427
3994 1.04481894291
3995 1.04484651157
3996 1.04487090052
3997 1.04490019793
3998 1.04492631636
3999 1.04495271511
4000 1.04497998286
4001 1.04500753021
4002 1.04503190263
4003 1.04506117614
4004 1.04508727543
4005 1.04511365464
4006 1.04514090154
4007 1.04516842763
4008 1.04519278354
4009 1.04522203321
4010 1.04524811342
4011 1.04527447312
4012 1.04530169922
4013 1.0453292041
4014 1.04535354355
4015 1.04538276942
4016 1.04540883059
4017 1.04543517084
4018 1.04546237618
4019 1.04548985989
4020 1.04551418291
4021 1.04554338505
4022 1.04556942722
4023 1.04559574805
4024 1.04562293269
4025 1.04565039528
4026 1.0456747019
4027 1.04570388037
4028 1.04572990358
4029 1.04575620504
4030 1.04578336902
4031 1.04581081054
4032 1.0458351008
4033 1.04586425565
4034 1.04589025994
4035 1.04591654207
4036 1.04594368544
4037 1.04597110594
4038 1.04599537987
4039 1.04602451115
4040 1.04605049657
4041 1.04607675941
4042 1.04610388222
4043 1.04613128175
4044 1.04615553939
4045 1.04618464716
4046 1.04621061374
4047 1.04623685734
4048 1.04626395963
4049 1.04629133824
4050 1.04631557961
4051 1.04634466393
4052 1.04637061172
4053 1.04639683612
4054 1.04642391794
4055 1.04645127567
4056 1.04647550082
4057 1.04650456174
4058 1.04653049078
4059 1.04655669602
4060 1.04658375741
4061 1.04661109432
4062 1.04663530327
4063 1.04666434084
4064 1.04669025117
4065 1.0467164373
4066 1.04674347832
4067 1.04677079444
4068 1.04679498723
4069 1.04682400151
4070 1.04684989318
4071 1.04687606023
4072 1.04690308091
4073 1.0469303763
4074 1.04695455296
4075 1.04698354401
4076 1.04700941705
4077 1.04703556507
4078 1.04706256547
4079 1.04708984016
4080 1.04711400073
4081 1.04714296861
4082 1.04716882305
4083 1.04719495208
4084 1.04722193224
4085 1.0472491863
4086 1.0472733308
4087 1.04730227555
4088 1.04732811145
4089 1.04735422153
4090 1.0473811815
4091 1.04740841496
4092 1.04743254344
4093 1.04746146511
4094 1.04748728251
4095 1.04751337368
4096 1.04754031349
4097 1.04756752641
4098 1.04759163889
4099 1.04762053755
4100 1.04764633648
4101 1.04767240879
4102 1.04769932849
4103 1.0477265209
4104 1.04775061743
4105 1.04777949312
4106 1.04780527362
4107 1.04783132711
4108 1.04785822676
4109 1.04788539871
4110 1.04790947931
4111 1.04793833209
4112 1.0479640942
4113 1.04799012891
4114 1.04801700854
4115 1.04804416008
4116 1.04806822478
4117 1.0480970547
4118 1.04812279847
4119 1.04814881443
4120 1.04817567409
4121 1.04820280527
4122 1.04822685411
4123 1.04825566122
4124 1.04828138669
4125 1.04830738395
4126 1.04833422368
4127 1.04836133454
4128 1.04838536755
4129 1.04841415191
4130 1.0484398591
4131 1.0484658377
4132 1.04849265755
4133 1.04851974814
4134 1.04854376535
4135 1.04857252701
4136 1.04859821598
4137 1.04862417596
4138 1.04865097597
4139 1.04867804632
4140 1.04870204777
4141 1.04873078678
4142 1.04875645756
4143 1.04878239896
4144 1.04880917917
4145 1.04883622935
4146 1.04886021506
4147 1.04888893147
4148 1.0489145841
4149 1.04894050696
4150 1.04896726743
4151 1.04899429746
4152 1.04901826747
4153 1.04904696134
4154 1.04907259586
4155 1.04909850022
4156 1.04912524098
4157 1.04915225092
4158 1.04917620525
4159 1.04920487663
4160 1.04923049308
4161 1.04925637898
4162 1.04928310007
4163 1.04931008996
4164 1.04933402866
4165 1.0493626776
4166 1.04938827601
4167 1.04941414349
4168 1.04944084497
4169 1.04946781485
4170 1.04949173794
4171 1.04952036449
4172 1.04954594491
4173 1.04957179401
4174 1.04959847591
4175 1.04962542583
4176 1.04964933335
4177 1.04967793755
4178 1.04970350001
4179 1.04972933078
4180 1.04975599314
4181 1.04978292314
4182 1.04980681511
4183 1.04983539703
4184 1.04986094158
4185 1.04988675404
4186 1.04991339691
4187 1.04994030704
4188 1.0499641835
4189 1.04999274318
4190 1.05001826984
4191 1.05004406404
4192 1.05007068746
4193 1.05009757777
4194 1.05012143874
4195 1.05014997623
4196 1.05017548506
4197 1.05020126104
4198 1.05022786505
4199 1.05025473556
4200 1.05027858109
4201 1.05030709644
4202 1.05033258746
4203 1.05035834526
4204 1.05038492991
4205 1.05041178068
4206 1.05043561079
4207 1.05046410405
4208 1.05048957731
4209 1.05051531696
4210 1.05054188228
4211 1.05056871336
4212 1.05059252808
4213 1.0506209993
4214 1.05064645483
4215 1.05067217637
4216 1.05069872242
4217 1.05072553384
4218 1.0507493332
4219 1.05077778244
4220 1.05080322027
4221 1.05082892375
4222 1.05085545056
4223 1.05088224236
4224 1.0509060264
4225 1.05093445369
4226 1.05095987388
4227 1.05098555932
4228 1.05101206693
4229 1.05103883917
4230 1.05106260791
4231 1.05109101332
4232 1.05111641588
4233 1.05114208334
4234 1.05116857179
4235 1.0511953245
4236 1.05121907797
4237 1.05124746154
4238 1.05127284653
4239 1.05129849603
4240 1.05132496537
4241 1.05135169859
4242 1.05137543683
4243 1.05140379861
4244 1.05142916605
4245 1.05145479764
4246 1.0514812479
4247 1.05150796168
4248 1.05153168471
4249 1.05156002475
4250 1.05158537469
4251 1.0516109884
4252 1.05163741964
4253 1.05166411401
4254 1.05168782187
4255 1.05171614021
4256 1.05174147268
4257 1.05176706855
4258 1.0517934808
4259 1.05182015581
4260 1.05184384852
4261 1.05187214522
4262 1.05189746026
4263 1.05192303833
4264 1.05194943162
4265 1.05197608732
4266 1.05199976492
4267 1.05202804002
4268 1.05205333766
4269 1.05207889797
4270 1.05210527235
4271 1.05213190878
4272 1.05215557129
4273 1.05218382484
4274 1.05220910512
4275 1.0522346477
4276 1.05226100321
4277 1.0522876204
4278 1.05231126786
4279 1.05233949991
4280 1.05236476287
4281 1.05239028776
4282 1.05241662444
4283 1.05244322244
4284 1.05246685487
4285 1.05249506547
4286 1.05252031114
4287 1.05254581837
4288 1.05257213627
4289 1.05259871512
4290 1.05262233255
4291 1.05265052175
4292 1.05267575016
4293 1.05270123978
4294 1.05272753893
4295 1.05275409867
4296 1.05277770114
4297 1.05280586897
4298 1.05283108017
4299 1.05285655221
4300 1.05288283266
4301 1.05290937332
4302 1.05293296085
4303 1.05296110738
4304 1.0529863014
4305 1.05301175589
4306 1.05303801767
4307 1.05306453931
4308 1.05308811193
4309 1.05311623719
4310 1.05314141406
4311 1.05316685105
4312 1.0531930942
4313 1.05321959685
4314 1.05324315459
4315 1.05327125864
4316 1.0532964184
4317 1.05332183792
4318 1.05334806248
4319 1.05337454618
4320 1.05339808907
4321 1.05342617195
4322 1.05345131464
4323 1.05347671673
4324 1.05350292274
4325 1.05352938753
4326 1.0535529156
4327 1.05358097735
4328 1.053606103
4329 1.05363148769
4330 1.05365767519
4331 1.05368412112
4332 1.0537076344
4333 1.05373567507
4334 1.05376078372
4335 1.05378615105
4336 1.05381232007
4337 1.05383874718
4338 1.05386224569
4339 1.05389026533
4340 1.05391535701
4341 1.05394070701
4342 1.05396685761
4343 1.05399326592
4344 1.0540167497
4345 1.05404474836
4346 1.0540698231
4347 1.05409515582
4348 1.05412128802
4349 1.05414767759
4350 1.05417114666
4351 1.05419912438
4352 1.05422418222
4353 1.05424949768
4354 1.05427561153
4355 1.05430198239
4356 1.05432543678
4357 1.05435339361
4358 1.05437843459
4359 1.05440373283
4360 1.05442982836
4361 1.05445618055
4362 1.0544796203
4363 1.05450755628
4364 1.05453258042
4365 1.05455786148
4366 1.05458393873
4367 1.0546102723
4368 1.05463369742
4369 1.0546616126
4370 1.05468661995
4371 1.05471188386
4372 1.05473794287
4373 1.05476425784
4374 1.05478766838
4375 1.0548155628
4376 1.05484055338
4377 1.05486580018
4378 1.05489184099
4379 1.05491813742
4380 1.05494153338
4381 1.05496940709
4382 1.05499438095
4383 1.05501961067
4384 1.05504563332
4385 1.05507191123
4386 1.05509529266
4387 1.0551231457
4388 1.05514810287
4389 1.05517331554
4390 1.05519932007
4391 1.05522557951
4392 1.05524894643
4393 1.05527677885
4394 1.05530171935
4395 1.05532691502
4396 1.05535290145
4397 1.05537914246
4398 1.0554024949
4399 1.05543030674
4400 1.05545523062
4401 1.05548040932
4402 1.0555063777
4403 1.05553260031
4404 1.0555559383
4405 1.05558372961
4406 1.05560863689
4407 1.05563379865
4408 1.05565974902
4409 1.05568595327
4410 1.05570927684
4411 1.05573704765
4412 1.05576193838
4413 1.05578708323
4414 1.05581301563
4415 1.05583920156
4416 1.05586251073
4417 1.0558902611
4418 1.0559151353
4419 1.05594026328
4420 1.05596617774
4421 1.0559923454
4422 1.05601564019
4423 1.05604337016
4424 1.05606822787
4425 1.05609333901
4426 1.05611923557
4427 1.05614538499
4428 1.05616866544
4429 1.05619637505
4430 1.0562212163
4431 1.05624631064
4432 1.05627218934
4433 1.05629832055
4434 1.05632158668
4435 1.05634927598
4436 1.0563741008
4437 1.05639917838
4438 1.05642503924
4439 1.05645115229
4440 1.05647440414
4441 1.05650207316
4442 1.05652688159
4443 1.05655194243
4444 1.05657778551
4445 1.05660388042
4446 1.05662711801
4447 1.05665476681
4448 1.05667955888
4449 1.05670460302
4450 1.05673042834
4451 1.05675650516
4452 1.05677972852
4453 1.05680735713
4454 1.05683213287
4455 1.05685716035
4456 1.05688296795
4457 1.05690902672
4458 1.05693223587
4459 1.05695984434
4460 1.05698460378
4461 1.05700961463
4462 1.05703540455
4463 1.0570614453
4464 1.05708464027
4465 1.05711222865
4466 1.05713697182
4467 1.05716196607
4468 1.05718773835
4469 1.05721376112
4470 1.05723694193
4471 1.05726451025
4472 1.0572892372
4473 1.05731421488
4474 1.05733996955
4475 1.05736597438
4476 1.05738914107
4477 1.05741668937
4478 1.05744140012
4479 1.05746636127
4480 1.05749209836
4481 1.05751808529
4482 1.05754123788
4483 1.05756876621
4484 1.05759346079
4485 1.05761840544
4486 1.057644125
4487 1.05767009405
4488 1.05769323257
4489 1.05772074098
4490 1.05774541943
4491 1.0577703476
4492 1.05779604966
4493 1.05782200088
4494 1.05784512535
4495 1.05787261388
4496 1.05789727622
4497 1.05792218796
4498 1.05794787256
4499 1.05797380598
4500 1.05799691643
4501 1.05802438511
4502 1.05804903138
4503 1.05807392673
4504 1.05809959389
4505 1.05812550956
4506 1.05814860601
4507 1.05817605488
4508 1.05820068512
4509 1.0582255641
4510 1.05825121386
4511 1.05827711181
4512 1.05830019429
4513 1.05832762341
4514 1.05835223764
4515 1.05837710027
4516 1.05840273268
4517 1.05842861294
4518 1.05845168148
4519 1.05847909088
4520 1.05850368913
4521 1.05852853546
4522 1.05855415055
4523 1.05858001315
4524 1.05860306778
4525 1.0586304575
4526 1.05865503981
4527 1.05867986987
4528 1.05870546766
4529 1.05873131265
4530 1.05875435339
4531 1.05878172347
4532 1.05880628987
4533 1.05883110369
4534 1.05885668423
4535 1.05888251164
4536 1.05890553851
4537 1.058932889
4538 1.05895743951
4539 1.05898223713
4540 1.05900780045
4541 1.05903361032
4542 1.05905662335
4543 1.05908395428
4544 1.05910848895
4545 1.05913327039
4546 1.05915881652
4547 1.05918460888
4548 1.0592076081
4549 1.05923491952
4550 1.05925943837
4551 1.05928420366
4552 1.05930973265
4553 1.05933550753
4554 1.05935849297
4555 1.05938578491
4556 1.05941028797
4557 1.05943503715
4558 1.05946054902
4559 1.05948630647
4560 1.05950927814
4561 1.05953655065
4562 1.05956103795
4563 1.05958577106
4564 1.05961126585
4565 1.05963700589
4566 1.05965996383
4567 1.05968721695
4568 1.05971168852
4569 1.05973640558
4570 1.05976188332
4571 1.05978760599
4572 1.05981055022
4573 1.05983778399
4574 1.05986223986
4575 1.0598869409
4576 1.05991240163
4577 1.05993810697
4578 1.05996103751
4579 1.05998825197
4580 1.06001269218
4581 1.06003737724
4582 1.06006282098
4583 1.06008850903
4584 1.06011142591
4585 1.06013862109
4586 1.06016304567
4587 1.06018771477
4588 1.06021314157
4589 1.06023881235
4590 1.0602617156
4591 1.06028889155
4592 1.06031330052
4593 1.0603379537
4594 1.06036336359
4595 1.06038901714
4596 1.06041190678
4597 1.06043906354
4598 1.06046345693
4599 1.06048809422
4600 1.06051348723
4601 1.06053912359
4602 1.06056199964
4603 1.06058913725
4604 1.0606135151
4605 1.06063813652
4606 1.06066351269
4607 1.06068913189
4608 1.06071199438
4609 1.06073911287
4610 1.06076347521
4611 1.0607880808
4612 1.06081344016
4613 1.06083904223
4614 1.06086189119
4615 1.06088899061
4616 1.06091333746
4617 1.06093792725
4618 1.06096326983
4619 1.06098885481
4620 1.06101169026
4621 1.06103877064
4622 1.06106310204
4623 1.06108767607
4624 1.0611130019
4625 1.06113856982
4626 1.06116139178
4627 1.06118845317
4628 1.06121276915
4629 1.06123732743
4630 1.06126263655
4631 1.06128818745
4632 1.06131099595
4633 1.06133803838
4634 1.06136233896
4635 1.06138688154
4636 1.06141217398
4637 1.06143770789
4638 1.06146050296
4639 1.06148752647
4640 1.06151181168
4641 1.06153633858
4642 1.06156161438
4643 1.06158713133
4644 1.06160991298
4645 1.06163691762
4646 1.06166118749
4647 1.06168569875
4648 1.06171095793
4649 1.06173645796
4650 1.06175922623
4651 1.06178621202
4652 1.06181046659
4653 1.06183496222
4654 1.06186020482
4655 1.06188568796
4656 1.06190844287
4657 1.06193540986
4658 1.06195964915
4659 1.0619841292
4660 1.06200935525
4661 1.06203482154
4662 1.0620575631
4663 1.06208451133
4664 1.06210873537
4665 1.06213319986
4666 1.0621584094
4667 1.06218385886
4668 1.06220658711
4669 1.06223351661
4670 1.06225772543
4671 1.0622821744
4672 1.06230736745
4673 1.06233280012
4674 1.06235551508
4675 1.06238242589
4676 1.06240661952
4677 1.06243105299
4678 1.06245622959
4679 1.06248164551
4680 1.0625043472
4681 1.06253123936
4682 1.06255541783
4683 1.06257983583
4684 1.06260499602
4685 1.06263039521
4686 1.06265308366
4687 1.06267995721
4688 1.06270412054
4689 1.06272852311
4690 1.0627536669
4691 1.0627790494
4692 1.06280172463
4693 1.06282857961
4694 1.06285272784
4695 1.06287711499
4696 1.06290224244
4697 1.06292760828
4698 1.06295027031
4699 1.06297710675
4700 1.06300123991
4701 1.06302561168
4702 1.0630507228
4703 1.06307607202
4704 1.06309872088
4705 1.06312553882
4706 1.06314965693
4707 1.06317401335
4708 1.06319910818
4709 1.0632244408
4710 1.06324707652
4711 1.06327387599
4712 1.06329797908
4713 1.06332232018
4714 1.06334739875
4715 1.06337271481
4716 1.06339533741
4717 1.06342211845
4718 1.06344620655
4719 1.06347053237
4720 1.0634955947
4721 1.06352089424
4722 1.06354350373
4723 1.06357026639
4724 1.06359433953
4725 1.06361865008
4726 1.06364369622
4727 1.06366897925
4728 1.06369157567
4729 1.06371831998
4730 1.06374237818
4731 1.0637666735
4732 1.06379170347
4733 1.06381697004
4734 1.06383955341
4735 1.0638662794
4736 1.0638903227
4737 1.06391460281
4738 1.06393961665
4739 1.06396486679
4740 1.06398743712
4741 1.06401414483
4742 1.06403817325
4743 1.06406243819
4744 1.06408743592
4745 1.06411266966
4746 1.06413522699
4747 1.06416191646
4748 1.06418593003
4749 1.06421017981
4750 1.06423516148
4751 1.06426037885
4752 1.06428292319
4753 1.06430959445
4754 1.0643335932
4755 1.06435782787
4756 1.06438279349
4757 1.06440799453
4758 1.06443052591
4759 1.064457179
4760 1.06448116296
4761 1.06450538253
4762 1.06453033215
4763 1.06455551687
4764 1.06457803531
4765 1.06460467028
4766 1.06462863946
4767 1.06465284398
4768 1.06467777761
4769 1.06470294606
4770 1.06472545159
4771 1.06475206846
4772 1.0647760229
4773 1.06480021238
4774 1.06482513007
4775 1.06485028228
4776 1.06487277491
4777 1.06489937372
4778 1.06492331345
4779 1.06494748793
4780 1.06497238969
4781 1.06499752569
4782 1.06502000545
4783 1.06504658623
4784 1.06507051128
4785 1.06509467078
4786 1.06511955666
4787 1.06514467647
4788 1.06516714339
4789 1.06519370618
4790 1.06521761658
4791 1.06524176112
4792 1.06526663114
4793 1.06529173481
4794 1.0653141889
4795 1.06534073374
4796 1.0653646295
4797 1.06538875913
4798 1.06541361332
4799 1.06543870087
4800 1.06546114216
4801 1.06548766908
4802 1.06551155024
4803 1.06553566497
4804 1.06556050336
4805 1.06558557482
4806 1.06560800334
4807 1.06563451237
4808 1.06565837896
4809 1.06568247882
4810 1.06570730144
4811 1.06573235685
4812 1.06575477261
4813 1.06578126379
4814 1.06580511583
4815 1.06582920086
4816 1.06585400774
4817 1.06587904712
4818 1.06590145014
4819 1.06592792351
4820 1.06595176103
4821 1.06597583125
4822 1.06600062242
4823 1.06602564581
4824 1.06604803612
4825 1.06607449171
4826 1.06609831473
4827 1.06612237017
4828 1.06614714566
4829 1.06617215308
4830 1.0661945307
4831 1.06622096855
4832 1.06624477711
4833 1.06626881778
4834 1.06629357763
4835 1.06631856911
4836 1.06634093407
4837 1.06636735421
4838 1.06639114832
4839 1.06641517427
4840 1.0664399185
4841 1.06646489408
4842 1.06648724639
4843 1.06651364886
4844 1.06653742855
4845 1.0665614398
4846 1.06658616844
4847 1.06661112814
4848 1.06663346783
4849 1.06665985266
4850 1.06668361797
4851 1.06670761454
4852 1.06673232762
4853 1.06675727148
4854 1.06677959856
4855 1.06680596579
4856 1.06682971673
4857 1.06685369866
4858 1.06687839621
4859 1.06690332425
4860 1.06692563876
4861 1.06695198841
4862 1.06697572502
4863 1.06699969232
4864 1.06702437437
4865 1.06704928663
4866 1.06707158858
4867 1.0670979207
4868 1.06712164299
4869 1.06714559571
4870 1.06717026228
4871 1.06719515878
4872 1.0672174482
4873 1.06724376281
4874 1.06726747083
4875 1.06729140898
4876 1.0673160601
4877 1.06734094088
4878 1.06736321779
4879 1.06738951493
4880 1.06741320869
4881 1.0674371323
4882 1.06746176801
4883 1.06748663309
4884 1.0675088975
4885 1.06753517721
4886 1.06755885674
4887 1.06758276583
4888 1.06760738616
4889 1.06763223558
4890 1.06765448752
4891 1.06768074983
4892 1.06770441515
4893 1.06772830976
4894 1.06775291473
4895 1.06777774851
4896 1.067799988
4897 1.06782623294
4898 1.06784988408
4899 1.06787376423
4900 1.06789835387
4901 1.06792317204
4902 1.06794539911
4903 1.06797162672
4904 1.0679952637
4905 1.06801912942
4906 1.06804370376
4907 1.06806850635
4908 1.06809072101
4909 1.06811693132
4910 1.06814055418
4911 1.06816440549
4912 1.06818896455
4913 1.0682137516
4914 1.06823595387
4915 1.06826214692
4916 1.06828575567
4917 1.0683095926
4918 1.06833413642
4919 1.06835890795
4920 1.06838109786
4921 1.06840727367
4922 1.06843086835
4923 1.06845469092
4924 1.06847921953
4925 1.06850397556
4926 1.06852615313
4927 1.06855231174
4928 1.06857589237
4929 1.06859970061
4930 1.06862421403
4931 1.0686489546
4932 1.06867111985
4933 1.06869726129
4934 1.06872082789
4935 1.06874462184
4936 1.0687691201
4937 1.06879384524
4938 1.06881599819
4939 1.06884212249
4940 1.06886567509
4941 1.06888945476
4942 1.06891393789
4943 1.06893864762
4944 1.06896078829
4945 1.0689868955
4946 1.06901043412
4947 1.06903419953
4948 1.06905866756
4949 1.06908336192
4950 1.06910549033
4951 1.06913158047
4952 1.06915510514
4953 1.06917885633
4954 1.06920330928
4955 1.06922798829
4956 1.06925010447
4957 1.06927617757
4958 1.06929968831
4959 1.06932342531
4960 1.06934786321
4961 1.0693725269
4962 1.06939463087
4963 1.06942068696
4964 1.0694441838
4965 1.06946790662
4966 1.06949232951
4967 1.06951697791
4968 1.06953906967
4969 1.0695651088
4970 1.06958859176
4971 1.06961230043
4972 1.06963670833
4973 1.06966134146
4974 1.06968342106
4975 1.06970944324
4976 1.06973291236
4977 1.06975660691
4978 1.06978099984
4979 1.06980561774
4980 1.06982768518
4981 1.06985369046
4982 1.06987714575
4983 1.0699008262
4984 1.06992520419
4985 1.06994980688
4986 1.06997186219
4987 1.0699978506
4988 1.07002129208
4989 1.07004495846
4990 1.07006932154
4991 1.07009390906
4992 1.07011595226
4993 1.07014192382
4994 1.07016535153
4995 1.07018900386
4996 1.07021335206
4997 1.07023792442
4998 1.07025995553
4999 1.07028591028
5000 1.07030932423
5001 1.07033296254
5002 1.07035729589
5003 1.07038185313
5004 1.07040387217
5005 1.07042981014
5006 1.07045321036
5007 1.07047683468
5008 1.0705011532
5009 1.07052569534
5010 1.07054770233
5011 1.07057362355
5012 1.07059701007
5013 1.07062062042
5014 1.07064492413
5015 1.07066945121
5016 1.07069144617
5017 1.07071735067
5018 1.07074072352
5019 1.07076431991
5020 1.07078860885
5021 1.07081312089
5022 1.07083510384
5023 1.07086099166
5024 1.07088435085
5025 1.07090793332
5026 1.07093220752
5027 1.07095670454
5028 1.0709786755
5029 1.07100454667
5030 1.07102789223
5031 1.0710514608
5032 1.07107572028
5033 1.07110020232
5034 1.0711221613
5035 1.07114801585
5036 1.0711713478
5037 1.07119490251
5038 1.07121914729
5039 1.07124361437
5040 1.07126556141
5041 1.07129139937
5042 1.07131471773
5043 1.07133825859
5044 1.0713624887
5045 1.07138694086
5046 1.07140887596
5047 1.07143469736
5048 1.07145800217
5049 1.0714815292
5050 1.07150574467
5051 1.07153018193
5052 1.07155210512
5053 1.07157790999
5054 1.07160120126
5055 1.0716247145
5056 1.07164891536
5057 1.07167333773
5058 1.07169524904
5059 1.07172103741
5060 1.07174431517
5061 1.07176781464
5062 1.0717920009
5063 1.07181640843
5064 1.07183830787
5065 1.07186407977
5066 1.07188734405
5067 1.07191082976
5068 1.07193500147
5069 1.07195939417
5070 1.07198128176
5071 1.07200703723
5072 1.07203028804
5073 1.07205376003
5074 1.0720779172
5075 1.0721022951
5076 1.07212417086
5077 1.07214990993
5078 1.07217314729
5079 1.07219660558
5080 1.07222074824
5081 1.07224511138
5082 1.07226697533
5083 1.07229269802
5084 1.07231592197
5085 1.07233936658
5086 1.07236349476
5087 1.07238784316
5088 1.07240969532
5089 1.07243540166
5090 1.07245861222
5091 1.07248204318
5092 1.0725061569
5093 1.07253049058
5094 1.07255233096
5095 1.072578021
5096 1.07260121818
5097 1.07262463551
5098 1.0726487348
5099 1.07267305379
5100 1.07269488243
5101 1.07272055618
5102 1.07274374002
5103 1.07276714374
5104 1.07279122862
5105 1.07281553295
5106 1.07283734986
5107 1.07286300735
5108 1.07288617787
5109 1.07290956801
5110 1.07293363851
5111 1.07295792821
5112 1.0729797334
5113 1.07300537467
5114 1.07302853189
5115 1.07305190847
5116 1.07307596462
5117 1.0731002397
5118 1.0731220332
5119 1.07314765828
5120 1.07317080222
5121 1.07319416527
5122 1.07321820709
5123 1.07324246759
5124 1.07326424942
5125 1.07328985833
5126 1.07331298901
5127 1.07333633856
5128 1.07336036607
5129 1.07338461201
5130 1.07340638219
5131 1.07343197497
5132 1.07345509242
5133 1.07347842848
5134 1.07350244171
5135 1.07352667312
5136 1.07354843166
5137 1.07357400834
5138 1.07359711258
5139 1.07362043518
5140 1.07364443416
5141 1.07366865106
5142 1.07369039798
5143 1.07371595859
5144 1.07373904964
5145 1.0737623588
5146 1.07378634356
5147 1.07381054598
5148 1.07383228131
5149 1.07385782586
5150 1.07388090376
5151 1.0739041995
5152 1.07392817005
5153 1.07395235802
5154 1.07397408177
5155 1.07399961031
5156 1.07402267507
5157 1.07404595741
5158 1.07406991379
5159 1.07409408733
5160 1.07411579952
5161 1.07414131208
5162 1.07416436371
5163 1.07418763269
5164 1.07421157492
5165 1.07423573406
5166 1.0742574347
5167 1.0742829313
5168 1.07430596985
5169 1.07432922548
5170 1.07435315358
5171 1.07437729834
5172 1.07439898747
5173 1.07442446814
5174 1.07444749361
5175 1.07447073592
5176 1.07449464992
5177 1.07451878033
5178 1.07454045795
5179 1.07456592272
5180 1.07458893514
5181 1.07461216415
5182 1.07463606407
5183 1.07466018016
5184 1.0746818463
5185 1.0747072952
5186 1.07473029459
5187 1.07475351033
5188 1.0747773962
5189 1.07480149798
5190 1.07482315265
5191 1.07484858572
5192 1.0748715721
5193 1.07489477458
5194 1.07491864642
5195 1.07494273393
5196 1.07496437716
5197 1.07498979441
5198 1.07501276782
5199 1.07503595706
5200 1.0750598149
5201 1.07508388816
5202 1.07510551996
5203 1.07513092143
5204 1.07515388187
5205 1.07517705791
5206 1.07520090177
5207 1.0752249608
5208 1.0752465812
5209 1.07527196691
5210 1.07529491442
5211 1.07531807727
5212 1.07534190717
5213 1.075365952
5214 1.07538756101
5215 1.075412931
5216 1.07543586559
5217 1.07545901528
5218 1.07548283125
5219 1.07550686191
5220 1.07552845954
5221 1.07555381383
5222 1.07557673553
5223 1.07559987208
5224 1.07562367415
5225 1.07564769065
5226 1.07566927693
5227 1.07569461555
5228 1.07571752437
5229 1.07574064781
5230 1.07576443599
5231 1.07578843837
5232 1.07581001332
5233 1.0758353363
5234 1.07585823227
5235 1.07588134261
5236 1.07590511694
5237 1.07592910522
5238 1.07595066885
5239 1.07597597622
5240 1.07599885936
5241 1.07602195662
5242 1.07604571712
5243 1.07606969132
5244 1.07609124366
5245 1.07611653544
5246 1.07613940577
5247 1.07616248999
5248 1.07618623668
5249 1.07621019683
5250 1.07623173788
5251 1.07625701411
5252 1.07627987166
5253 1.07630294284
5254 1.07632667575
5255 1.07635062187
5256 1.07637215166
5257 1.07639741236
5258 1.07642025715
5259 1.07644331532
5260 1.07646703447
5261 1.07649096659
5262 1.07651248514
5263 1.07653773033
5264 1.07656056238
5265 1.07658360757
5266 1.07660731298
5267 1.07663123112
5268 1.07665273845
5269 1.07667796817
5270 1.0767007875
5271 1.07672381972
5272 1.07674751142
5273 1.07677141561
5274 1.07679291172
5275 1.076818126
5276 1.07684093263
5277 1.07686395192
5278 1.07688762993
5279 1.07691152018
5280 1.07693300511
5281 1.07695820397
5282 1.07698099792
5283 1.07700400429
5284 1.07702766863
5285 1.07705154499
5286 1.07707301874
5287 1.07709820221
5288 1.07712098351
5289 1.07714397698
5290 1.07716762768
5291 1.07719149015
5292 1.07721295275
5293 1.07723812086
5294 1.07726088952
5295 1.07728387012
5296 1.0773075072
5297 1.07733135581
5298 1.07735280728
5299 1.07737796006
5300 1.0774007161
5301 1.07742368385
5302 1.07744730733
5303 1.07747114211
5304 1.07749258246
5305 1.07751771993
5306 1.07754046338
5307 1.07756341829
5308 1.07758702821
5309 1.07761084918
5310 1.07763227843
5311 1.07765740062
5312 1.07768013149
5313 1.0777030736
5314 1.07772666996
5315 1.07775047715
5316 1.07777189532
5317 1.07779700225
5318 1.07781972058
5319 1.0778426499
5320 1.07786623274
5321 1.07789002616
5322 1.07791143326
5323 1.07793652497
5324 1.07795923077
5325 1.07798214732
5326 1.07800571666
5327 1.07802949634
5328 1.0780508924
5329 1.07807596891
5330 1.0780986622
5331 1.078121566
5332 1.07814512186
5333 1.07816888783
5334 1.07819027286
5335 1.0782153342
5336 1.078238015
5337 1.07826090608
5338 1.07828444848
5339 1.07830820076
5340 1.07832957478
5341 1.07835462097
5342 1.0783772893
5343 1.07840016768
5344 1.07842369665
5345 1.07844743527
5346 1.07846879829
5347 1.07849382936
5348 1.07851648525
5349 1.07853935095
5350 1.07856286651
5351 1.07858659147
5352 1.07860794352
5353 1.0786329595
5354 1.07865560296
5355 1.078678456
5356 1.07870195817
5357 1.07872566952
5358 1.07874701061
5359 1.07877201152
5360 1.07879464258
5361 1.07881748298
5362 1.07884097179
5363 1.07886466954
5364 1.07888599968
5365 1.07891098556
5366 1.07893360423
5367 1.07895643201
5368 1.07897990748
5369 1.07900359165
5370 1.07902491087
5371 1.07904988174
5372 1.07907248805
5373 1.07909530323
5374 1.07911876538
5375 1.079142436
5376 1.07916374431
5377 1.07918870019
5378 1.07921129416
5379 1.07923409677
5380 1.07925754562
5381 1.07928120272
5382 1.07930250014
5383 1.07932744106
5384 1.0793500227
5385 1.07937281275
5386 1.07939624833
5387 1.07941989192
5388 1.07944117847
5389 1.07946610446
5390 1.07948867379
5391 1.07951145132
5392 1.07953487364
5393 1.07955850375
5394 1.07957977944
5395 1.07960469052
5396 1.07962724758
5397 1.07965001259
5398 1.07967342168
5399 1.07969703833
5400 1.07971830318
5401 1.07974319938
5402 1.07976574418
5403 1.07978849669
5404 1.07981189258
5405 1.0798354958
5406 1.07985674983
5407 1.07988163117
5408 1.07990416372
5409 1.07992690377
5410 1.07995028647
5411 1.07997387627
5412 1.0799951195
5413 1.08001998601
5414 1.08004250634
5415 1.08006523394
5416 1.08008860348
5417 1.08011217989
5418 1.08013341232
5419 1.08015826403
5420 1.08018077216
5421 1.08020348733
5422 1.08022684373
5423 1.08025040677
5424 1.08027162844
5425 1.08029646537
5426 1.08031896132
5427 1.08034166407
5428 1.08036500735
5429 1.08038855705
5430 1.08040976796
5431 1.08043459014
5432 1.08045707393
5433 1.08047976429
5434 1.08050309448
5435 1.08052663085
5436 1.08054783102
5437 1.08057263848
5438 1.08059511012
5439 1.08061778812
5440 1.08064110523
5441 1.0806646283
5442 1.08068581776
5443 1.08071061051
5444 1.08073307003
5445 1.08075573568
5446 1.08077903973
5447 1.08080254953
5448 1.08082372828
5449 1.08084850636
5450 1.08087095378
5451 1.08089360709
5452 1.08091689812
5453 1.08094039467
5454 1.08096156273
5455 1.08098632615
5456 1.08100876149
5457 1.0810314025
5458 1.08105468052
5459 1.08107816383
5460 1.08109932122
5461 1.08112407002
5462 1.08114649329
5463 1.08116912202
5464 1.08119238705
5465 1.08121585715
5466 1.08123700388
5467 1.08126173808
5468 1.08128414931
5469 1.08130676577
5470 1.08133001784
5471 1.08135347474
5472 1.08137461084
5473 1.08139933047
5474 1.08142172968
5475 1.08144433388
5476 1.08146757301
5477 1.08149101675
5478 1.08151214222
5479 1.0815368473
5480 1.08155923451
5481 1.08158182648
5482 1.08160505269
5483 1.08162848328
5484 1.08164959815
5485 1.08167428871
5486 1.08169666393
5487 1.0817192437
5488 1.081742457
5489 1.08176587447
5490 1.08178697875
5491 1.08181165481
5492 1.08183401806
5493 1.08185658565
5494 1.08187978607
5495 1.08190319044
5496 1.08192428415
5497 1.08194894573
5498 1.08197129704
5499 1.08199385245
5500 1.08201704002
5501 1.08204043131
5502 1.08206151446
5503 1.0820861616
5504 1.08210850098
5505 1.08213104424
5506 1.08215421897
5507 1.08217759721
5508 1.08219866982
5509 1.08222330253
5510 1.08224563
5511 1.08226816114
5512 1.08229132305
5513 1.08231468825
5514 1.08233575034
5515 1.08236036865
5516 1.08238268424
5517 1.08240520326
5518 1.08242835238
5519 1.08245170457
5520 1.08247275615
5521 1.08249736009
5522 1.0825196638
5523 1.08254217074
5524 1.08256530708
5525 1.08258864628
5526 1.08260968737
5527 1.08263427695
5528 1.08265656882
5529 1.08267906369
5530 1.08270218728
5531 1.0827255135
5532 1.08274654412
5533 1.08277111938
5534 1.08279339941
5535 1.08281588223
5536 1.08283899309
5537 1.08286230636
5538 1.08288332652
5539 1.08290788748
5540 1.0829301557
5541 1.08295262649
5542 1.08297572464
5543 1.08299902499
5544 1.0830200347
5545 1.08304458138
5546 1.08306683781
5547 1.08308929659
5548 1.08311238205
5549 1.08313566949
5550 1.08315666878
5551 1.0831812012
5552 1.08320344586
5553 1.08322589264
5554 1.08324896544
5555 1.08327223999
5556 1.08329322887
5557 1.08331774706
5558 1.08333997996
5559 1.08336241478
5560 1.08338547492
5561 1.08340873661
5562 1.08342971509
5563 1.08345421909
5564 1.08347644025
5565 1.08349886311
5566 1.08352191063
5567 1.08354515947
5568 1.08356612758
5569 1.08359061739
5570 1.08361282683
5571 1.08363523776
5572 1.08365827267
5573 1.08368150869
5574 1.08370246644
5575 1.08372694209
5576 1.08374913984
5577 1.08377153885
5578 1.08379456117
5579 1.0838177844
5580 1.08383873179
5581 1.08386319331
5582 1.08388537938
5583 1.08390776649
5584 1.08393077625
5585 1.0839539867
5586 1.08397492376
5587 1.08399937117
5588 1.08402154558
5589 1.08404392081
5590 1.08406691803
5591 1.08409011572
5592 1.08411104246
5593 1.08413547579
5594 1.08415763855
5595 1.08418000193
5596 1.08420298662
5597 1.08422617157
5598 1.08424708801
5599 1.08427150728
5600 1.08429365842
5601 1.08431600996
5602 1.08433898215
5603 1.08436215438
5604 1.08438306054
5605 1.08440746577
5606 1.0844296053
5607 1.08445194502
5608 1.08447490472
5609 1.08449806426
5610 1.08451896015
5611 1.08454335136
5612 1.0845654793
5613 1.08458780722
5614 1.08461075447
5615 1.08463390132
5616 1.08465478696
5617 1.08467916419
5618 1.08470128056
5619 1.0847235967
5620 1.0847465315
5621 1.0847696657
5622 1.0847905411
5623 1.08481490435
5624 1.08483700918
5625 1.08485931355
5626 1.08488223593
5627 1.08490535749
5628 1.08492622267
5629 1.08495057198
5630 1.08497266527
5631 1.0849949579
5632 1.08501786788
5633 1.08504097683
5634 1.0850618318
5635 1.08508616719
5636 1.08510824897
5637 1.08513052987
5638 1.08515342746
5639 1.08517652382
5640 1.0851973686
5641 1.0852216901
5642 1.08524376037
5643 1.08526602957
5644 1.0852889148
5645 1.08531199859
5646 1.08533283319
5647 1.08535714081
5648 1.08537919961
5649 1.08540145711
5650 1.08542433
5651 1.08544740124
5652 1.08546822568
5653 1.08549251945
5654 1.08551456679
5655 1.08553681262
5656 1.08555967319
5657 1.08558273189
5658 1.08560354618
5659 1.08562782613
5660 1.08564986202
5661 1.08567209621
5662 1.08569494447
5663 1.08571799066
5664 1.08573879482
5665 1.08576306096
5666 1.08578508543
5667 1.08580730798
5668 1.08583014396
5669 1.08585317766
5670 1.08587397171
5671 1.08589822406
5672 1.08592023713
5673 1.08594244807
5674 1.08596527178
5675 1.08598829301
5676 1.08600907695
5677 1.08603331555
5678 1.08605531723
5679 1.08607751657
5680 1.08610032804
5681 1.08612333682
5682 1.08614411068
5683 1.08616833554
5684 1.08619032584
5685 1.0862125136
5686 1.08623531285
5687 1.0862583092
5688 1.08627907299
5689 1.08630328414
5690 1.08632526309
5691 1.08634743929
5692 1.08637022633
5693 1.08639321027
5694 1.086413964
5695 1.08643816146
5696 1.08646012908
5697 1.08648229373
5698 1.08650506859
5699 1.08652804014
5700 1.08654878383
5701 1.08657296762
5702 1.08659492392
5703 1.08661707705
5704 1.08663983975
5705 1.08666279892
5706 1.08668353259
5707 1.08670770273
5708 1.08672964773
5709 1.08675178936
5710 1.08677453991
5711 1.08679748673
5712 1.08681821038
5713 1.08684236691
5714 1.08686430063
5715 1.08688643076
5716 1.08690916918
5717 1.08693210367
5718 1.08695281734
5719 1.08697696026
5720 1.08699888271
5721 1.08702100138
5722 1.08704372769
5723 1.08706664987
5724 1.08708735355
5725 1.0871114829
5726 1.0871333941
5727 1.08715550132
5728 1.08717821554
5729 1.08720112543
5730 1.08722181914
5731 1.08724593493
5732 1.08726783491
5733 1.08728993069
5734 1.08731263284
5735 1.08733553046
5736 1.08735621422
5737 1.08738031648
5738 1.08740220524
5739 1.08742428961
5740 1.08744697971
5741 1.08746986507
5742 1.0874905389
5743 1.08751462765
5744 1.08753650521
5745 1.08755857818
5746 1.08758125626
5747 1.08760412938
5748 1.08762479329
5749 1.08764886855
5750 1.08767073494
5751 1.08769279652
5752 1.08771546258
5753 1.0877383235
5754 1.08775897749
5755 1.08778303929
5756 1.08780489452
5757 1.08782694474
5758 1.08784959881
5759 1.08787244753
5760 1.08789309163
5761 1.08791713998
5762 1.08793898407
5763 1.08796102294
5764 1.08798366504
5765 1.08800650158
5766 1.08802713581
5767 1.08805117073
5768 1.08807300369
5769 1.08809503124
5770 1.08811766138
5771 1.08814048577
5772 1.08816111013
5773 1.08818513166
5774 1.08820695351
5775 1.08822896975
5776 1.08825158795
5777 1.0882744002
5778 1.08829501472
5779 1.08831902287
5780 1.08834083362
5781 1.08836283857
5782 1.08838544486
5783 1.08840824499
5784 1.08842884967
5785 1.08845284446
5786 1.08847464415
5787 1.08849663782
5788 1.08851923221
5789 1.08854202024
5790 1.0885626151
5791 1.08858659655
5792 1.08860838518
5793 1.08863036759
5794 1.0886529501
5795 1.08867572606
5796 1.08869631112
5797 1.08872027925
5798 1.08874205684
5799 1.08876402801
5800 1.08878659866
5801 1.08880936256
5802 1.08882993782
5803 1.08885389267
5804 1.08887565923
5805 1.08889761918
5806 1.08892017799
5807 1.08894292984
5808 1.08896349533
5809 1.08898743691
5810 1.08900919246
5811 1.08903114121
5812 1.08905368819
5813 1.08907642802
5814 1.08909698375
5815 1.08912091207
5816 1.08914265664
5817 1.08916459419
5818 1.08918712937
5819 1.0892098572
5820 1.08923040318
5821 1.08925431828
5822 1.08927605187
5823 1.08929797825
5824 1.08932050164
5825 1.08934321749
5826 1.08936375373
5827 1.08938765563
5828 1.08940937826
5829 1.08943129349
5830 1.08945380511
5831 1.08947650899
5832 1.08949703552
5833 1.08952092423
5834 1.08954263592
5835 1.08956454001
5836 1.08958703988
5837 1.08960973182
5838 1.08963024863
5839 1.08965412418
5840 1.08967582495
5841 1.08969771792
5842 1.08972020607
5843 1.08974288607
5844 1.0897633932
5845 1.0897872556
5846 1.08980894547
5847 1.08983082733
5848 1.08985330376
5849 1.08987597186
5850 1.08989646931
5851 1.08992031859
5852 1.08994199756
5853 1.08996386835
5854 1.08998633308
5855 1.09000898928
5856 1.09002947707
5857 1.09005331325
5858 1.09007498135
5859 1.09009684107
5860 1.09011929412
5861 1.09014193846
5862 1.09016241659
5863 1.0901862397
5864 1.09020789694
5865 1.0902297456
5866 1.090252187
5867 1.09027481948
5868 1.09029528798
5869 1.09031909803
5870 1.09034074443
5871 1.09036258205
5872 1.09038501181
5873 1.09040763246
5874 1.09042809133
5875 1.09045188834
5876 1.09047352392
5877 1.09049535053
5878 1.09051776866
5879 1.09054037749
5880 1.09056082676
5881 1.09058461076
5882 1.09060623553
5883 1.09062805113
5884 1.09065045766
5885 1.09067305469
5886 1.09069349437
5887 1.09071726537
5888 1.09073887935
5889 1.09076068397
5890 1.09078307891
5891 1.09080566416
5892 1.09082609426
5893 1.09084985228
5894 1.09087145549
5895 1.09089324914
5896 1.09091563251
5897 1.090938206
5898 1.09095862653
5899 1.09098237161
5900 1.09100396405
5901 1.09102574675
5902 1.09104811857
5903 1.09107068032
5904 1.0910910913
5905 1.09111482344
5906 1.09113640514
5907 1.0911581769
5908 1.09118053719
5909 1.09120308721
5910 1.09122348865
5911 1.09124720788
5912 1.09126877886
5913 1.0912905397
5914 1.09131288848
5915 1.09133542679
5916 1.09135581871
5917 1.09137952504
5918 1.09140108531
5919 1.09142283525
5920 1.09144517253
5921 1.09146769915
5922 1.09148808156
5923 1.09151177502
5924 1.09153332459
5925 1.09155506365
5926 1.09157738944
5927 1.0915999044
5928 1.09162027731
5929 1.09164395792
5930 1.09166549681
5931 1.091687225
5932 1.09170953933
5933 1.09173204264
5934 1.09175240606
5935 1.09177607384
5936 1.09179760207
5937 1.09181931941
5938 1.0918416223
5939 1.09186411396
5940 1.09188446792
5941 1.09190812289
5942 1.09192964047
5943 1.09195134697
5944 1.09197363843
5945 1.09199611848
5946 1.09201646298
5947 1.09204010516
5948 1.09206161212
5949 1.09208330779
5950 1.09210558785
5951 1.0921280563
5952 1.09214839135
5953 1.09217202076
5954 1.0921935171
5955 1.09221520198
5956 1.09223747064
5957 1.09225992751
5958 1.09228025313
5959 1.09230386979
5960 1.09232535554
5961 1.09234702962
5962 1.09236928691
5963 1.09239173222
5964 1.09241204842
5965 1.09243565236
5966 1.09245712751
5967 1.09247879083
5968 1.09250103676
5969 1.09252347052
5970 1.09254377732
5971 1.09256736855
5972 1.09258883314
5973 1.0926104857
5974 1.09263272029
5975 1.09265514252
5976 1.09267543993
5977 1.09269901847
5978 1.09272047251
5979 1.09274211433
5980 1.0927643376
5981 1.09278674832
5982 1.09280703636
5983 1.09283060222
5984 1.09285204573
5985 1.09287367682
5986 1.09289588878
5987 1.09291828801
5988 1.09293856669
5989 1.09296211991
5990 1.09298355289
5991 1.09300517328
5992 1.09302737395
5993 1.09304976171
5994 1.09307003103
5995 1.09309357162
5996 1.0931149941
5997 1.0931366038
5998 1.0931587932
5999 1.0931811695
6000 1.09320142949
6001 1.09322495747
6002 1.09324636946
6003 1.09326796848
6004 1.09329014663
6005 1.09331251148
6006 1.09333276215
6007 1.09335627754
6008 1.09337767906
6009 1.09339926742
6010 1.09342143433
6011 1.09344378776
6012 1.09346402912
6013 1.09348753194
6014 1.093508923
6015 1.09353050072
6016 1.09355265641
6017 1.09357499844
6018 1.0935952305
6019 1.09361872077
6020 1.09364010138
6021 1.09366166848
6022 1.09368381296
6023 1.0937061436
6024 1.09372636638
6025 1.09374984412
6026 1.09377121431
6027 1.09379277079
6028 1.09381490409
6029 1.09383722336
6030 1.09385743687
6031 1.09388090209
6032 1.09390226187
6033 1.09392380775
6034 1.09394592988
6035 1.0939682378
6036 1.09398844205
6037 1.09401189479
6038 1.09403324417
6039 1.09405477947
6040 1.09407689045
6041 1.09409918703
6042 1.09411938204
6043 1.0941428223
6044 1.0941641613
6045 1.09418568604
6046 1.09420778588
6047 1.09423007114
6048 1.09425025692
6049 1.09427368473
6050 1.09429501336
6051 1.09431652755
6052 1.09433861627
6053 1.09436089024
6054 1.09438106679
6055 1.09440448217
6056 1.09442580045
6057 1.09444730411
6058 1.09446938173
6059 1.0944916444
6060 1.09451181175
6061 1.09453521472
6062 1.09455652267
6063 1.0945780158
6064 1.09460008234
6065 1.09462233375
6066 1.0946424919
6067 1.09466588247
6068 1.0946871801
6069 1.09470866274
6070 1.0947307182
6071 1.09475295836
6072 1.09477310734
6073 1.09479648553
6074 1.09481777286
6075 1.094839245
6076 1.09486128942
6077 1.09488351834
6078 1.09490365815
6079 1.09492702399
6080 1.09494830102
6081 1.0949697627
6082 1.09499179608
6083 1.09501401378
6084 1.09503414444
6085 1.09505749794
6086 1.0950787647
6087 1.09510021592
6088 1.09512223828
6089 1.09514444478
6090 1.0951645663
6091 1.09518790748
6092 1.09520916398
6093 1.09523060476
6094 1.09525261612
6095 1.09527481144
6096 1.09529492383
6097 1.09531825271
6098 1.09533949896
6099 1.09536092932
6100 1.09538292969
6101 1.09540511384
6102 1.09542521712
6103 1.09544853372
6104 1.09546976974
6105 1.09549118968
6106 1.09551317908
6107 1.09553535209
6108 1.09555544626
6109 1.0955787506
6110 1.09559997641
6111 1.09562138596
6112 1.0956433644
6113 1.09566552628
6114 1.09568561136
6115 1.09570890345
6116 1.09573011906
6117 1.09575151823
6118 1.09577348574
6119 1.0957956365
6120 1.0958157125
6121 1.09583899237
6122 1.0958601978
6123 1.0958815866
6124 1.09590354319
6125 1.09592568285
6126 1.09594574978
6127 1.09596901745
6128 1.09599021271
6129 1.09601159116
6130 1.09603353684
6131 1.09605566542
6132 1.0960757233
6133 1.09609897879
6134 1.09612016388
6135 1.096141532
6136 1.0961634668
6137 1.09618558431
6138 1.09620563315
6139 1.09622887646
6140 1.09625005142
6141 1.09627140922
6142 1.09629333314
6143 1.0963154396
6144 1.09633547942
6145 1.09635871058
6146 1.09637987542
6147 1.09640122291
6148 1.09642313598
6149 1.0964452314
6150 1.0964652622
6151 1.09648848124
6152 1.09650963596
6153 1.09653097316
6154 1.09655287539
6155 1.0965749598
6156 1.0965949816
6157 1.09661818852
6158 1.09663933314
6159 1.09666066007
6160 1.09668255147
6161 1.09670462488
6162 1.09672463769
6163 1.09674783252
6164 1.09676896706
6165 1.09679028373
6166 1.09681216432
6167 1.09683422675
6168 1.09685423058
6169 1.09687741334
6170 1.09689853781
6171 1.09691984423
6172 1.09694171403
6173 1.09696376549
6174 1.09698376036
6175 1.09700693106
6176 1.09702804547
6177 1.09704934167
6178 1.09707120069
6179 1.0970932412
6180 1.09711322711
6181 1.09713638577
6182 1.09715749015
6183 1.09717877613
6184 1.0972006244
6185 1.09722265396
6186 1.09724263094
6187 1.09726577758
6188 1.09728687193
6189 1.09730814772
6190 1.09732998523
6191 1.09735200388
6192 1.09737197193
6193 1.09739510657
6194 1.09741619091
6195 1.09743745651
6196 1.0974592833
6197 1.09748129104
6198 1.09750125017
6199 1.09752437283
6200 1.09754544718
6201 1.0975667026
6202 1.09758851868
6203 1.09761051553
6204 1.09763046576
6205 1.09765357645
6206 1.09767464082
6207 1.09769588609
6208 1.09771769147
6209 1.09773967745
6210 1.09775961879
6211 1.09778271753
6212 1.09780377193
6213 1.09782500706
6214 1.09784680175
6215 1.09786877688
6216 1.09788870934
6217 1.09791179616
6218 1.0979328406
6219 1.0979540656
6220 1.09797584963
6221 1.09799781392
6222 1.09801773751
6223 1.09804081242
6224 1.09806184693
6225 1.09808306181
6226 1.09810483519
6227 1.09812678866
6228 1.09814670339
6229 1.09816976641
6230 1.09819079099
6231 1.09821199578
6232 1.09823375853
6233 1.09825570119
6234 1.09827560708
6235 1.09829865822
6236 1.09831967289
6237 1.09834086759
6238 1.09836261972
6239 1.09838455159
6240 1.09840444865
6241 1.09842748793
6242 1.0984484927
6243 1.09846967734
6244 1.09849141886
6245 1.09851333996
6246 1.0985332282
6247 1.09855625564
6248 1.09857725053
6249 1.09859842512
6250 1.09862015605
6251 1.09864206638
6252 1.09866194582
6253 1.09868496144
6254 1.09870594646
6255 1.09872711101
6256 1.09874883137
6257 1.09877073095
6258 1.09879060159
6259 1.09881360541
6260 1.09883458058
6261 1.0988557351
6262 1.0988774449
6263 1.09889933376
6264 1.09891919562
6265 1.09894218765
6266 1.09896315298
6267 1.09898429749
6268 1.09900599675
6269 1.09902787489
6270 1.09904772798
6271 1.09907070825
6272 1.09909166375
6273 1.09911279826
6274 1.09913448699
6275 1.09915635444
6276 1.09917619877
6277 1.09919916728
6278 1.09922011297
6279 1.0992412375
6280 1.09926291572
6281 1.09928477248
6282 1.09930460807
6283 1.09932756485
6284 1.09934850074
6285 1.0993696153
6286 1.09939128302
6287 1.09941312912
6288 1.09943295597
6289 1.09945590104
6290 1.09947682714
6291 1.09949793175
6292 1.09951958899
6293 1.09954142444
6294 1.09956124256
6295 1.09958417593
6296 1.09960509227
6297 1.09962618693
6298 1.09964783371
6299 1.09966965852
6300 1.09968946793
6301 1.09971238962
6302 1.0997332962
6303 1.09975438094
6304 1.09977601726
6305 1.09979783145
6306 1.09981763216
6307 1.09984054219
6308 1.09986143903
6309 1.09988251385
6310 1.09990413974
6311 1.09992594333
6312 1.09994573535
6313 1.09996863374
6314 1.09998952084
6315 1.10001058577
6316 1.10003220124
6317 1.10005399424
6318 1.10007377758
6319 1.10009666434
6320 1.10011754173
6321 1.10013859677
6322 1.10016020183
6323 1.10018198426
6324 1.10020175894
6325 1.10022463408
6326 1.10024550177
6327 1.10026654695
6328 1.10028814161
6329 1.10030991348
6330 1.10032967951
6331 1.10035254306
6332 1.10037340106
6333 1.10039443638
6334 1.10041602067
6335 1.100437782
6336 1.10045753938
6337 1.10048039136
6338 1.10050123968
6339 1.10052226516
6340 1.10054383909
6341 1.10056558989
6342 1.10058533864
6343 1.10060817906
6344 1.10062901772
6345 1.10065003337
6346 1.10067159695
6347 1.10069333724
6348 1.10071307738
6349 1.10073590625
6350 1.10075673527
6351 1.1007777411
6352 1.10079929435
6353 1.10082102414
6354 1.10084075567
6355 1.10086357302
6356 1.1008843924
6357 1.10090538843
6358 1.10092693137
6359 1.10094865067
6360 1.10096837361
6361 1.10099117945
6362 1.10101198921
6363 1.10103297546
6364 1.10105450809
6365 1.10107621693
6366 1.10109593128
6367 1.10111872563
6368 1.10113952578
6369 1.10116050225
6370 1.1011820246
6371 1.10120372298
6372 1.10122342877
6373 1.10124621164
6374 1.1012670022
6375 1.10128796891
6376 1.10130948099
6377 1.10133116893
6378 1.10135086615
6379 1.10137363757
6380 1.10139441855
6381 1.10141537552
6382 1.10143687734
6383 1.10145855486
6384 1.10147824353
6385 1.10150100351
6386 1.10152177492
6387 1.10154272215
6388 1.10156421373
6389 1.10158588084
6390 1.10160556098
6391 1.10162830953
6392 1.10164907139
6393 1.10167000891
6394 1.10169149025
6395 1.10171314697
6396 1.10173281858
6397 1.10175555573
6398 1.10177630805
6399 1.10179723586
6400 1.10181870699
6401 1.10184035333
6402 1.10186001643
6403 1.10188274218
6404 1.10190348497
6405 1.10192440309
6406 1.10194586402
6407 1.10196750001
6408 1.1019871546
6409 1.10200986898
6410 1.10203060226
6411 1.1020515107
6412 1.10207296144
6413 1.10209458708
6414 1.10211423317
6415 1.1021369362
6416 1.10215765998
6417 1.10217855876
6418 1.10219999933
6419 1.10222161463
6420 1.10224125224
6421 1.10226394393
6422 1.10228465822
6423 1.10230554735
6424 1.10232697777
6425 1.10234858275
6426 1.10236821189
6427 1.10239089226
6428 1.10241159707
6429 1.10243247656
6430 1.10245389684
6431 1.10247549151
6432 1.1024951122
6433 1.10251778126
6434 1.10253847661
6435 1.10255934648
6436 1.10258075662
6437 1.10260234101
6438 1.10262195325
6439 1.10264461102
6440 1.10266529692
6441 1.10268615718
6442 1.10270755721
6443 1.10272913132
6444 1.10274873513
6445 1.10277138162
6446 1.10279205809
6447 1.10281290875
6448 1.10283429868
6449 1.10285586254
6450 1.10287545791
6451 1.10289809315
6452 1.1029187602
6453 1.10293960127
6454 1.10296098112
6455 1.10298253473
6456 1.10300212169
6457 1.10302474569
6458 1.10304540332
6459 1.10306623483
6460 1.10308760461
6461 1.10310914798
6462 1.10312872654
6463 1.10315133932
6464 1.10317198755
6465 1.1031928095
6466 1.10321416922
6467 1.10323570238
6468 1.10325527255
6469 1.10327787412
6470 1.10329851297
6471 1.10331932537
6472 1.10334067505
6473 1.10336219801
6474 1.1033817598
6475 1.10340435017
6476 1.10342497966
6477 1.10344578253
6478 1.10346712218
6479 1.10348863495
6480 1.10350818837
6481 1.10353076756
6482 1.10355138769
6483 1.10357218104
6484 1.10359351068
6485 1.10361501328
6486 1.10363455834
6487 1.10365712637
6488 1.10367773715
6489 1.103698521
6490 1.10371984064
6491 1.10374133308
6492 1.10376086979
6493 1.10378342668
6494 1.10380402813
6495 1.10382480249
6496 1.10384611214
6497 1.10386759443
6498 1.10388712281
6499 1.10390966857
6500 1.1039302607
6501 1.10395102558
6502 1.10397232526
6503 1.10399379742
6504 1.10401331747
6505 1.10403585213
6506 1.10405643495
6507 1.10407719036
6508 1.10409848008
6509 1.10411994213
6510 1.10413945386
6511 1.10416197742
6512 1.10418255095
6513 1.10420329691
6514 1.10422457669
6515 1.10424602863
6516 1.10426553206
6517 1.10428804454
6518 1.10430860879
6519 1.10432934531
6520 1.10435061516
6521 1.10437205701
6522 1.10439155215
6523 1.10441405357
6524 1.10443460855
6525 1.10445533564
6526 1.10447659557
6527 1.10449802735
6528 1.1045175142
6529 1.10454000458
6530 1.1045605503
6531 1.10458126798
6532 1.10460251801
6533 1.10462393973
6534 1.10464341831
6535 1.10466589765
6536 1.10468643413
6537 1.10470714241
6538 1.10472838255
6539 1.10474979422
6540 1.10476926454
6541 1.10479173287
6542 1.10481226012
6543 1.10483295901
6544 1.10485418927
6545 1.10487559091
6546 1.10489505298
6547 1.10491751031
6548 1.10493802834
6549 1.10495871786
6550 1.10497993826
6551 1.10500132988
6552 1.10502078372
6553 1.10504323006
6554 1.10506373888
6555 1.10508441904
6556 1.10510562959
6557 1.10512701121
6558 1.10514645682
6559 1.10516889219
6560 1.10518939182
6561 1.10521006262
6562 1.10523126335
6563 1.10525263498
6564 1.10527207236
6565 1.10529449678
6566 1.10531498723
6567 1.1053356487
6568 1.1053568396
6569 1.10537820126
6570 1.10539763043
6571 1.10542004392
6572 1.1054405252
6573 1.10546117734
6574 1.10548235844
6575 1.10550371013
6576 1.10552313111
6577 1.10554553368
6578 1.1055660058
6579 1.10558664863
6580 1.10560781993
6581 1.10562916168
6582 1.10564857447
6583 1.10567096613
6584 1.10569142911
6585 1.10571206265
6586 1.10573322417
6587 1.10575455598
6588 1.1057739606
6589 1.10579634137
6590 1.10581679522
6591 1.10583741946
6592 1.10585857122
6593 1.10587989311
6594 1.10589928956
6595 1.10592165946
6596 1.10594210419
6597 1.10596271916
6598 1.10598386116
6599 1.10600517314
6600 1.10602456145
6601 1.10604692048
6602 1.10606735611
6603 1.10608796182
6604 1.10610909408
6605 1.10613039617
6606 1.10614977633
6607 1.10617212452
6608 1.10619255105
6609 1.10621314751
6610 1.10623427005
6611 1.10625556226
6612 1.10627493428
6613 1.10629727165
6614 1.10631768909
6615 1.10633827632
6616 1.10635938915
6617 1.10638067149
6618 1.10640003539
6619 1.10642236195
6620 1.10644277032
6621 1.10646334833
6622 1.10648445145
6623 1.10650572394
6624 1.10652507973
6625 1.10654739549
6626 1.1065677948
6627 1.1065883636
6628 1.10660945704
6629 1.10663071969
6630 1.10665006738
6631 1.10667237235
6632 1.10669276262
6633 1.10671332222
6634 1.10673440598
6635 1.10675565881
6636 1.10677499841
6637 1.10679729262
6638 1.10681767385
6639 1.10683822426
6640 1.10685929837
6641 1.10688054139
6642 1.1068998729
6643 1.10692215636
6644 1.10694252857
6645 1.10696306981
6646 1.10698413427
6647 1.10700536749
6648 1.10702469093
6649 1.10704696365
6650 1.10706732686
6651 1.10708785893
6652 1.10710891376
6653 1.10713013719
6654 1.10714945258
6655 1.10717171457
6656 1.10719206878
6657 1.10721259171
6658 1.10723363692
6659 1.10725485058
6660 1.10727415791
6661 1.1072964092
6662 1.10731675443
6663 1.10733726822
6664 1.10735830382
6665 1.10737950772
6666 1.10739880702
6667 1.10742104762
6668 1.10744138387
6669 1.10746188853
6670 1.10748291454
6671 1.1075041087
6672 1.10752339997
6673 1.10754562989
6674 1.10756595718
6675 1.10758645273
6676 1.10760746916
6677 1.10762865359
6678 1.10764793683
6679 1.1076701561
6680 1.10769047444
6681 1.10771096089
6682 1.10773196775
6683 1.10775314246
6684 1.1077724177
6685 1.10779462631
6686 1.10781493572
6687 1.10783541308
6688 1.10785641038
6689 1.10787757539
6690 1.10789684263
6691 1.10791904062
6692 1.10793934109
6693 1.10795980938
6694 1.10798079714
6695 1.10800195246
6696 1.10802121171
6697 1.10804339908
6698 1.10806369064
6699 1.10808414987
6700 1.1081051281
6701 1.10812627374
6702 1.10814552501
6703 1.10816770178
6704 1.10818798444
6705 1.10820843462
6706 1.10822940333
6707 1.10825053931
6708 1.10826978261
6709 1.1082919488
6710 1.10831222257
6711 1.1083326637
6712 1.10835362291
6713 1.10837474924
6714 1.10839398458
6715 1.10841614019
6716 1.10843640509
6717 1.10845683719
6718 1.10847778692
6719 1.1084989036
6720 1.108518131
6721 1.10854027605
6722 1.10856053208
6723 1.10858095517
6724 1.10860189542
6725 1.10862300248
6726 1.10864222194
6727 1.10866435645
6728 1.10868460362
6729 1.10870501771
6730 1.10872594849
6731 1.10874704594
6732 1.10876625747
6733 1.10878838146
6734 1.10880861978
6735 1.10882902488
6736 1.10884994621
6737 1.10887103406
6738 1.10889023767
6739 1.10891235114
6740 1.10893258064
6741 1.10895297675
6742 1.10897388865
6743 1.10899496691
6744 1.10901416262
6745 1.10903626559
6746 1.10905648627
6747 1.10907687342
6748 1.10909777588
6749 1.10911884457
6750 1.10913803238
6751 1.10916012487
6752 1.10918033674
6753 1.10920071493
6754 1.10922160799
6755 1.10924266711
6756 1.10926184703
6757 1.10928392906
6758 1.10930413213
6759 1.10932450138
6760 1.10934538503
6761 1.10936643461
6762 1.10938560665
6763 1.10940767822
6764 1.10942787251
6765 1.10944823282
6766 1.10946910709
6767 1.10949014714
6768 1.10950931131
6769 1.10953137244
6770 1.10955155795
6771 1.10957190935
6772 1.10959277424
6773 1.10961380477
6774 1.10963296108
6775 1.10965501179
6776 1.10967518853
6777 1.10969553102
6778 1.10971638655
6779 1.10973740757
6780 1.10975655604
6781 1.10977859633
6782 1.10979876433
6783 1.10981909792
6784 1.1098399441
6785 1.10986095562
6786 1.10988009625
6787 1.10990212614
6788 1.1099222854
6789 1.10994261011
6790 1.10996344695
6791 1.10998444899
6792 1.11000358179
6793 1.1100256013
6794 1.11004575183
6795 1.11006606767
6796 1.11008689518
6797 1.11010788775
6798 1.11012701273
6799 1.11014902188
6800 1.1101691637
6801 1.11018947067
6802 1.11021028887
6803 1.11023127198
6804 1.11025038915
6805 1.11027238795
6806 1.11029252106
6807 1.11031281918
6808 1.11033362808
6809 1.11035460174
6810 1.11037371112
6811 1.11039569958
6812 1.11041582399
6813 1.11043611327
6814 1.11045691289
6815 1.11047787712
6816 1.11049697871
6817 1.11051895684
6818 1.11053907257
6819 1.11055935303
6820 1.11058014336
6821 1.11060109818
6822 1.11062019199
6823 1.11064215981
6824 1.11066226687
6825 1.11068253851
6826 1.11070331958
6827 1.11072426499
6828 1.11074335103
6829 1.11076530855
6830 1.11078540695
6831 1.11080566979
6832 1.11082644162
6833 1.11084737763
6834 1.11086645591
6835 1.11088840315
6836 1.1109084929
6837 1.11092874694
6838 1.11094950953
6839 1.11097043616
6840 1.11098950669
6841 1.11101144366
6842 1.11103152478
6843 1.11105177004
6844 1.1110725234
6845 1.11109344066
6846 1.11111250345
6847 1.11113443017
6848 1.11115450266
6849 1.11117473915
6850 1.1111954833
6851 1.11121639121
6852 1.11123544626
6853 1.11125736274
6854 1.11127742662
6855 1.11129765435
6856 1.1113183893
6857 1.11133928786
6858 1.11135833519
6859 1.11138024145
6860 1.11140029672
6861 1.11142051571
6862 1.11144124146
6863 1.11146213069
6864 1.11148117031
6865 1.11150306635
6866 1.11152311304
6867 1.11154332329
6868 1.11156403987
6869 1.11158491978
6870 1.1116039517
6871 1.11162583754
6872 1.11164587564
6873 1.11166607717
6874 1.11168678458
6875 1.11170765519
6876 1.11172667941
6877 1.11174855507
6878 1.1117685846
6879 1.11178877742
6880 1.11180947568
6881 1.11183033699
6882 1.11184935353
6883 1.11187121902
6884 1.11189123999
6885 1.11191142411
6886 1.11193211323
6887 1.11195296525
6888 1.11197197412
6889 1.11199382945
6890 1.11201384188
6891 1.11203401731
6892 1.1120546973
6893 1.11207554005
6894 1.11209454126
6895 1.11211638645
6896 1.11213639033
6897 1.11215655708
6898 1.11217722795
6899 1.11219806145
6900 1.112217055
6901 1.11223889006
6902 1.11225888542
6903 1.11227904351
6904 1.11229970527
6905 1.11232052953
6906 1.11233951543
6907 1.11236134038
6908 1.11238132722
6909 1.11240147665
6910 1.11242212933
6911 1.11244294434
6912 1.11246192262
6913 1.11248373746
6914 1.1125037158
6915 1.11252385658
6916 1.11254450018
6917 1.11256530597
6918 1.11258427662
6919 1.11260608138
6920 1.11262605122
6921 1.11264618337
6922 1.1126668179
6923 1.11268761449
6924 1.11270657751
6925 1.1127283722
6926 1.11274833356
6927 1.11276845709
6928 1.11278908256
6929 1.11280986995
6930 1.11282882537
6931 1.11285060999
6932 1.11287056288
6933 1.1128906778
6934 1.11291129422
6935 1.11293207243
6936 1.11295102025
6937 1.11297279483
6938 1.11299273926
6939 1.11301284558
6940 1.11303345297
6941 1.113054222
6942 1.11307316224
6943 1.11309492678
6944 1.11311486276
6945 1.11313496049
6946 1.11315555886
6947 1.11317631873
6948 1.11319525139
6949 1.11321700591
6950 1.11323693345
6951 1.1132570226
6952 1.11327761196
6953 1.11329836268
6954 1.11331728777
6955 1.11333903229
6956 1.1133589514
6957 1.11337903198
6958 1.11339961235
6959 1.11342035393
6960 1.11343927146
6961 1.11346100598
6962 1.11348091668
6963 1.11350098871
6964 1.11352156008
6965 1.11354229255
6966 1.11356120252
6967 1.11358292706
6968 1.11360282936
6969 1.11362289284
6970 1.11364345524
6971 1.11366417859
6972 1.11368308102
6973 1.1137047956
6974 1.1137246895
6975 1.11374474444
6976 1.11376529788
6977 1.11378601213
6978 1.11380490703
6979 1.11382661166
6980 1.11384649717
6981 1.11386654359
6982 1.11388708808
6983 1.11390779324
6984 1.11392668062
6985 1.1139483753
6986 1.11396825244
6987 1.11398829035
6988 1.1140088259
6989 1.11402952198
6990 1.11404840184
6991 1.11407008661
6992 1.11408995538
6993 1.11410998479
6994 1.11413051141
6995 1.11415119843
6996 1.11417007079
6997 1.11419174564
6998 1.11421160606
6999 1.11423162698
7000 1.11425214468
7001 1.11427282265
7002 1.1142916875
7003 1.11431335246
7004 1.11433320453
7005 1.11435321697
7006 1.11437372577
7007 1.1143943947
7008 1.11441325207
7009 1.11443490714
7010 1.11445475088
7011 1.11447475485
7012 1.11449525476
7013 1.11451591466
7014 1.11453476455
7015 1.11455640974
7016 1.11457624517
7017 1.11459624068
7018 1.1146167317
7019 1.11463738258
7020 1.11465622501
7021 1.11467786034
7022 1.11469768746
7023 1.11471767452
7024 1.11473815668
7025 1.11475879855
7026 1.11477763351
7027 1.114799259
7028 1.11481907782
7029 1.11483905645
7030 1.11485952974
7031 1.11488016262
7032 1.11489899013
7033 1.11492060579
7034 1.11494041631
7035 1.11496038652
7036 1.11498085096
7037 1.11500147486
7038 1.11502029493
7039 1.11504190077
7040 1.11506170301
7041 1.1150816648
7042 1.11510212041
7043 1.11512273534
7044 1.11514154798
7045 1.11516314401
7046 1.11518293798
7047 1.11520289137
7048 1.11522333816
7049 1.11524394412
7050 1.11526274934
7051 1.11528433557
7052 1.11530412129
7053 1.11532406628
7054 1.11534450426
7055 1.11536510127
7056 1.11538389907
7057 1.11540547553
7058 1.115425253
7059 1.11544518961
7060 1.11546561878
7061 1.11548620686
7062 1.11550499726
7063 1.11552656394
7064 1.11554633318
7065 1.11556626141
7066 1.11558668179
7067 1.11560726095
7068 1.11562604395
7069 1.11564760088
7070 1.11566736189
7071 1.11568728176
7072 1.11570769336
7073 1.11572826361
7074 1.11574703922
7075 1.11576858641
7076 1.1157883392
7077 1.11580825072
7078 1.11582865356
7079 1.1158492149
7080 1.11586798313
7081 1.11588952059
7082 1.11590926517
7083 1.11592916836
7084 1.11594956244
7085 1.11597011489
7086 1.11598887575
7087 1.1160104035
7088 1.11603013988
7089 1.11605003473
7090 1.11607042007
7091 1.11609096364
7092 1.11610971714
7093 1.11613123518
7094 1.11615096338
7095 1.11617084992
7096 1.11619122652
7097 1.11621176122
7098 1.11623050737
7099 1.11625201572
7100 1.11627173575
7101 1.11629161397
7102 1.11631198185
7103 1.1163325077
7104 1.1163512465
7105 1.11637274518
7106 1.11639245704
7107 1.11641232696
7108 1.11643268613
7109 1.11645320313
7110 1.1164719346
7111 1.11649342361
7112 1.11651312732
7113 1.11653298895
7114 1.11655333942
7115 1.11657384759
7116 1.11659257174
7117 1.11661405109
7118 1.11663374665
7119 1.11665360001
7120 1.11667394179
7121 1.11669444114
7122 1.11671315797
7123 1.11673462768
7124 1.11675431511
7125 1.1167741602
7126 1.1167944933
7127 1.11681498384
7128 1.11683369336
7129 1.11685515345
7130 1.11687483275
7131 1.11689466958
7132 1.11691499401
7133 1.11693547575
7134 1.11695417797
7135 1.11697562845
7136 1.11699529963
7137 1.11701512822
7138 1.117035444
7139 1.11705591695
7140 1.11707461188
7141 1.11709605276
7142 1.11711571583
7143 1.11713553619
7144 1.11715584331
7145 1.11717630749
7146 1.11719499514
7147 1.11721642643
7148 1.11723608141
7149 1.11725589354
7150 1.11727619203
7151 1.11729664744
7152 1.11731532782
7153 1.11733674953
7154 1.11735639643
7155 1.11737620034
7156 1.11739649021
7157 1.11741693687
7158 1.11743560998
7159 1.11745702213
7160 1.11747666095
