100 0.811380461971
101 0.81234067416
102 0.813150843092
103 0.814152631209
104 0.815006702686
105 0.815857797916
106 0.816729792699
107 0.817598428754
108 0.818327302387
109 0.819237335873
110 0.820009614725
111 0.820780180325
112 0.821571486443
113 0.822360704029
114 0.823019155433
115 0.823849421256
116 0.824550667584
117 0.82525123266
118 0.825972311286
119 0.826692342643
120 0.827289539351
121 0.828050143056
122 0.828689442582
123 0.829328906199
124 0.829988605993
125 0.830648114374
126 0.831191827889
127 0.831891339029
128 0.832476405005
129 0.83306232832
130 0.833668173423
131 0.834274531614
132 0.834771380981
133 0.835417103936
134 0.835954515357
135 0.836493352647
136 0.837051770713
137 0.837611282055
138 0.838066928348
139 0.838665117717
140 0.839160509866
141 0.839657793636
142 0.840174298712
143 0.840692374645
144 0.841111678051
145 0.84166771198
146 0.842125930502
147 0.842586421365
148 0.843065762061
149 0.843547066177
150 0.843934214035
151 0.844452734999
152 0.844877961577
153 0.845305770654
154 0.845752051193
155 0.846200617039
156 0.846559228975
157 0.847044259031
158 0.847440114637
159 0.847838804199
160 0.848255583993
161 0.848674912074
162 0.849008126856
163 0.849463162607
164 0.84983279284
165 0.850205459547
166 0.850595835584
167 0.850988973683
168 0.851299521336
169 0.851727612619
170 0.85207375859
171 0.852423102696
172 0.852789778044
173 0.853159388052
174 0.853449650015
175 0.853853465419
176 0.854178522906
177 0.854506906032
178 0.854852247056
179 0.855200660828
180 0.855472720322
181 0.855854601979
182 0.856160670984
183 0.856470164547
184 0.856796248888
185 0.857125515102
186 0.85738119946
187 0.857743209055
188 0.858032135471
189 0.85832456143
190 0.858633218379
191 0.858945142002
192 0.859186058356
193 0.859530015892
194 0.859803426662
195 0.860080391912
196 0.860373236509
197 0.860669412133
198 0.860896977602
199 0.861224494185
200 0.861483827055
201 0.861746752548
202 0.862025214466
203 0.862307054573
204 0.862522521866
205 0.862835027513
206 0.863081556295
207 0.863331701783
208 0.863597049872
209 0.863865808858
210 0.864070288057
211 0.864369055364
212 0.864603911443
213 0.864842396546
214 0.865095759754
215 0.865352554413
216 0.865547031555
217 0.865833195897
218 0.866057386595
219 0.866285208804
220 0.866527594054
221 0.8667734211
222 0.866958774064
223 0.867233350883
224 0.86744777518
225 0.867665825274
226 0.867898132786
227 0.868133883871
228 0.868310896008
229 0.868574795654
230 0.868780257684
231 0.868989332972
232 0.869212369429
233 0.869438844055
234 0.869608215899
235 0.869862256404
236 0.870059477068
237 0.87026029279
238 0.870474782678
239 0.87069269933
240 0.870855058692
241 0.871099976792
242 0.871289603778
243 0.871482802945
244 0.871689398351
245 0.871899404112
246 0.872055314802
247 0.872291775467
248 0.872474391919
249 0.872660553829
250 0.872859842922
251 0.873062521803
252 0.873212491179
253 0.873441095888
254 0.873617227914
255 0.873796875539
256 0.873989389929
257 0.874185270108
258 0.874329755624
259 0.874551049553
260 0.874721172759
261 0.874894779162
262 0.875081000307
263 0.875270560417
264 0.875409975328
265 0.875624453617
266 0.875788998785
267 0.875956992719
268 0.876137357508
269 0.876321032137
270 0.876455750463
271 0.876663863683
272 0.876823221745
273 0.876985992537
274 0.877160898167
275 0.877339082654
276 0.877469443522
277 0.877671602473
278 0.877826128842
279 0.87798403067
280 0.878153838922
281 0.87832689357
282 0.878453205011
283 0.878649784922
284 0.878799803304
285 0.878953158949
286 0.879118199937
287 0.879286453704
288 0.879408995989
289 0.879600340214
290 0.879746145953
291 0.879895250093
292 0.880055825563
293 0.880219579316
294 0.880338607881
295 0.880525031157
296 0.880666894177
297 0.880812016292
298 0.880968402532
299 0.881127931908
300 0.881243679942
301 0.881425471263
302 0.881563638663
303 0.881705025598
304 0.881857476003
305 0.882013033949
306 0.882125714663
307 0.882303139826
308 0.882437838175
309 0.882575716404
310 0.882724463749
311 0.882876282758
312 0.882986091403
313 0.883159395262
314 0.883290832634
315 0.883425410266
316 0.883570668719
317 0.883718962822
318 0.883826078472
319 0.88399548694
320 0.884123854713
321 0.884255323276
322 0.884397290186
323 0.884542256718
324 0.884646843849
325 0.884812565681
326 0.884938040141
327 0.885066576162
328 0.885205433654
329 0.885347254825
330 0.885449464725
331 0.885611693109
332 0.885734436873
333 0.885860203292
334 0.885996119682
335 0.886134963981
336 0.886234936
337 0.886393849971
338 0.886514013264
339 0.88663716069
340 0.886770291752
341 0.8869063152
342 0.88700417787
343 0.887159943583
344 0.88727766537
345 0.887398333204
346 0.887528823307
347 0.887662170576
348 0.887758042605
349 0.887910814471
350 0.888026223474
351 0.888144540922
352 0.888272524039
353 0.888403329461
354 0.888497320629
355 0.888647242335
356 0.888760457947
357 0.888876544916
358 0.889002145539
359 0.889130534004
360 0.889222745962
361 0.88936995139
362 0.88948108449
363 0.889595052405
364 0.889718386362
365 0.889844474129
366 0.889935001119
367 0.890079615171
368 0.890188768863
369 0.89030072139
370 0.890421896584
371 0.890545792014
372 0.890634721511
373 0.890776860857
374 0.890884131127
375 0.890994164835
376 0.891113281906
377 0.891235086119
378 0.891322499418
379 0.891462273165
380 0.891567749483
381 0.891675954436
382 0.89179310736
383 0.891912914832
384 0.891998887566
385 0.892136397871
386 0.89224016373
387 0.892346624019
388 0.892461900654
389 0.892579799751
390 0.89266440237
391 0.892799744989
392 0.892901878388
393 0.893006672621
394 0.893120155194
395 0.893236228665
396 0.893319526859
397 0.893452791649
398 0.893553365541
399 0.893656567275
400 0.893768332832
401 0.893882658245
402 0.893964713335
403 0.894095984706
404 0.894195067395
405 0.894296745542
406 0.894406866346
407 0.894519516497
408 0.894600385782
409 0.894729743115
410 0.894827398619
411 0.894927617801
412 0.895036161706
413 0.895147204976
414 0.895226942058
415 0.895354460075
416 0.89545074846
417 0.895549569343
418 0.895656600123
419 0.895766100817
420 0.895844755884
421 0.895970504997
422 0.896065482675
423 0.896162962264
424 0.896268539922
425 0.896376558571
426 0.896454178662
427 0.896578225286
428 0.89667194529
429 0.896768137207
430 0.89687231825
431 0.896978911885
432 0.897055541134
433 0.89717794797
434 0.897270460205
435 0.897365414935
436 0.897468252631
437 0.89757347504
438 0.897649154889
439 0.897769981191
440 0.897861332663
441 0.897955097782
442 0.898056642391
443 0.898160544347
444 0.898235313751
445 0.898354615563
446 0.898444850587
447 0.898537470973
448 0.89863776996
449 0.898740399437
450 0.898814295043
451 0.898932125421
452 0.899021285814
453 0.899112803836
454 0.899211902067
455 0.89931330443
456 0.899386360746
457 0.899502769962
458 0.899590895217
459 0.899681350912
460 0.899779290832
461 0.899879509019
462 0.899951758567
463 0.900066794293
464 0.900153921743
465 0.900243352975
466 0.900340174773
467 0.900439249459
468 0.900510722915
469 0.900624430397
470 0.90071059536
471 0.900799037967
472 0.90089477973
473 0.900992749477
474 0.901063475799
475 0.901175898013
476 0.901261133929
477 0.901348621865
478 0.901443319714
479 0.90154022111
480 0.901610227659
481 0.901721405458
482 0.901805744016
483 0.901892309469
484 0.901985997688
485 0.902081865478
486 0.902151178125
487 0.902261150373
488 0.902344621625
489 0.902430295137
490 0.902523006293
491 0.902617873494
492 0.90268651672
493 0.902795320418
494 0.902877952886
495 0.902962763458
496 0.903054528511
497 0.903148426524
498 0.903216423514
499 0.903324093914
500 0.903405914688
501 0.903489889879
502 0.903580738281
503 0.90367369699
504 0.903741069718
505 0.903847640429
506 0.90392867526
507 0.904011841277
508 0.904101801068
509 0.904193848937
510 0.904260618243
511 0.904366121333
512 0.904446394713
513 0.904528776496
514 0.90461787439
515 0.904709038546
516 0.904775224212
517 0.904879690294
518 0.90495922554
519 0.905040846841
520 0.905129108306
521 0.905219414621
522 0.905285035435
523 0.90538849376
524 0.905467313078
525 0.905548196533
526 0.905635645865
527 0.905725119033
528 0.905790192853
529 0.905892671382
530 0.905970795944
531 0.906050963138
532 0.906137623532
533 0.906226287136
534 0.906290830946
535 0.906392356429
536 0.906469806426
537 0.906549277958
538 0.906635171572
539 0.906723048147
540 0.906787078116
541 0.906887676157
542 0.906964470861
543 0.9070432664
544 0.907128414414
545 0.907215525512
546 0.907279057036
547 0.907378752159
548 0.907454909977
549 0.907533048318
550 0.907617470992
551 0.907703837233
552 0.907766884986
553 0.907865700694
554 0.907941239217
555 0.908018738329
556 0.908102455052
557 0.908188096178
558 0.908250674155
559 0.908348632985
560 0.908423569036
561 0.908500446111
562 0.908583475449
563 0.908668410375
564 0.908730531929
565 0.908827655506
566 0.908902005181
567 0.908978276674
568 0.909060636421
569 0.909144883276
570 0.909206561157
571 0.909302870242
572 0.909376648952
573 0.909452330625
574 0.90953403784
575 0.909617614012
576 0.909678860403
577 0.909774374936
578 0.909847597444
579 0.909922704404
580 0.910003775451
581 0.910086697627
582 0.910147524174
583 0.910242263318
584 0.910314943775
585 0.910389490509
586 0.910469941095
587 0.910552225297
588 0.91061264314
589 0.910706625324
590 0.910778777302
591 0.910852777707
592 0.910932622917
593 0.911014284537
594 0.911074304338
595 0.91116754729
596 0.911239183812
597 0.911312651231
598 0.91139190556
599 0.911472959393
600 0.911532591362
601 0.911625112147
602 0.911696245717
603 0.911769192965
604 0.911847870347
605 0.911928330621
606 0.911987584541
607 0.912079399592
608 0.912150042222
609 0.912222481614
610 0.912300595453
611 0.912380475858
612 0.912439361108
613 0.912530486258
614 0.912600649493
615 0.91267259287
616 0.912750156064
617 0.912829469779
618 0.912887995355
619 0.912978445867
620 0.913048140807
621 0.913119599561
622 0.913196624529
623 0.913275384246
624 0.913333558783
625 0.913423349374
626 0.913492586701
627 0.913563571794
628 0.9136400705
629 0.913718288448
630 0.913776120236
631 0.913865265109
632 0.913934055103
633 0.914004577091
634 0.914080561063
635 0.914158249034
636 0.914215746038
637 0.914304258899
638 0.91437261146
639 0.914442680514
640 0.91451816087
641 0.914595330235
642 0.914652500109
643 0.914740394195
644 0.914808318863
645 0.914877944784
646 0.914952932246
647 0.915029593977
648 0.915086444085
649 0.915173732184
650 0.915241238153
651 0.915310430393
652 0.91538493531
653 0.915461099999
654 0.915517637423
655 0.915604331894
656 0.915671428032
657 0.915740195709
658 0.915814228072
659 0.915889905948
660 0.915946137506
661 0.9160322503
662 0.916098945161
663 0.916167297075
664 0.916240866534
665 0.91631606748
666 0.916371999738
667 0.916457542413
668 0.916523844255
669 0.916591788903
670 0.916664904783
671 0.916739638351
672 0.916795277636
673 0.916880261377
674 0.916946178174
675 0.917013723764
676 0.917086395079
677 0.917160670506
678 0.917216022915
679 0.91730045855
680 0.917365998005
681 0.917433152467
682 0.917505387936
683 0.917579214156
684 0.91763428557
685 0.917718183584
686 0.917783353142
687 0.917850124145
688 0.9179219322
689 0.91799531786
690 0.918050113952
691 0.918133484503
692 0.91819829136
693 0.91826468632
694 0.918336075125
695 0.918409028596
696 0.918463554842
697 0.918546407773
698 0.918610858892
699 0.918676884983
700 0.918747862442
701 0.918820391829
702 0.918874653517
703 0.918956998371
704 0.919021100488
705 0.919086764655
706 0.919157338422
707 0.91922945158
708 0.919283453818
709 0.919365299849
710 0.919429059485
711 0.919494368452
712 0.919564545945
713 0.919636250485
714 0.919689998208
715 0.919771354394
716 0.919834777864
717 0.919899738145
718 0.919969526552
719 0.920040829854
720 0.920094327834
721 0.920175202889
722 0.920238296308
723 0.920302914214
724 0.920372320508
725 0.920443229727
726 0.920496482581
727 0.920576884962
728 0.920639654258
729 0.920703935908
730 0.920772966849
731 0.92084348893
732 0.920896501122
733 0.920976439044
734 0.921038889963
735 0.921102841288
736 0.921171503437
737 0.921241645119
738 0.921294420972
739 0.921373902413
740 0.921436040528
741 0.921499667282
742 0.921567967008
743 0.921637734833
744 0.921690278533
745 0.921769311245
746 0.921831141961
747 0.921894449729
748 0.921962393215
749 0.922031793536
750 0.922084109136
751 0.922162700656
752 0.922224229219
753 0.922287223421
754 0.922354816671
755 0.922423855661
756 0.922475947091
757 0.922554104745
758 0.922615336247
759 0.922678022146
760 0.922745270996
761 0.922813954651
762 0.922865825719
763 0.922943556634
764 0.923004496019
765 0.923066878728
766 0.923133788847
767 0.923202123
768 0.923253777398
769 0.923331088505
770 0.923391740578
771 0.923453825063
772 0.923520401965
773 0.923588392283
774 0.923639833594
775 0.92371673164
776 0.923777101069
777 0.923838892157
778 0.923905141202
779 0.9239727932
780 0.9240240249
781 0.924100516453
782 0.924160607773
783 0.924222110157
784 0.924288036561
785 0.924355355604
786 0.924406381066
787 0.924482472519
788 0.924542290143
789 0.924603508388
790 0.924669117224
791 0.924736108534
792 0.924786931035
793 0.924862628616
794 0.924922176833
795 0.924983115379
796 0.925048411586
797 0.925115080245
798 0.925165702968
799 0.925241012744
800 0.925300295727
801 0.925360958896
802 0.925425947282
803 0.925492298239
804 0.925542724277
805 0.925617652159
806 0.925676673971
807 0.925737065968
808 0.925801751216
809 0.925867789292
810 0.92591802165
811 0.925992573401
812 0.926051337995
813 0.926111462914
814 0.926175849587
815 0.926241579479
816 0.926291621079
817 0.926365802316
818 0.926424313543
819 0.926484175373
820 0.926548267913
821 0.926613694199
822 0.926663547884
823 0.926737364086
824 0.926795625695
825 0.926855228321
826 0.926919031061
827 0.926984158201
828 0.927033826736
829 0.927107283247
830 0.927165298892
831 0.9272246461
832 0.927288163263
833 0.927352995609
834 0.927402481685
835 0.927475583718
836 0.927533356958
837 0.927592452438
838 0.927655688142
839 0.927720229937
840 0.927769536173
841 0.927842288817
842 0.927899823122
843 0.927958670472
844 0.928021628733
845 0.928085884116
846 0.928135013063
847 0.928207421284
848 0.928264720039
849 0.928323322767
850 0.928386007504
851 0.928449980514
852 0.928498934656
853 0.928571003303
854 0.928628069807
855 0.928686431335
856 0.928748846373
857 0.928812540951
858 0.928861322708
859 0.928933056517
860 0.92898989399
861 0.929048017657
862 0.929110166728
863 0.929173586723
864 0.929222198454
865 0.92929360205
866 0.929350213631
867 0.929408102697
868 0.929469989444
869 0.929533138614
870 0.929581582619
871 0.92965266052
872 0.929709049277
873 0.929766706921
874 0.929828334904
875 0.929891216918
876 0.929939495438
877 0.930010252061
878 0.930066420985
879 0.930123850315
880 0.930185223009
881 0.930247841452
882 0.930295956674
883 0.930366396334
884 0.930422348348
885 0.930479552396
886 0.930540673198
887 0.930603031573
888 0.930650985631
889 0.930721112546
890 0.930776850504
891 0.930833832234
892 0.930894704461
893 0.930956806192
894 0.931004601167
895 0.931074419464
896 0.931129946154
897 0.93118670846
898 0.931247335357
899 0.931309183788
900 0.931356821713
901 0.931426335426
902 0.931481653573
903 0.931538199285
904 0.931598584021
905 0.931660182426
906 0.931707665283
907 0.931776878359
908 0.931831990625
909 0.931888322508
910 0.931948468184
911 0.932009819763
912 0.93205714949
913 0.932126065789
914 0.932180974778
915 0.932237095535
916 0.932297005184
917 0.932358113065
918 0.932405291555
919 0.932473914856
920 0.932528623111
921 0.932584535388
922 0.932644211974
923 0.93270507922
924 0.932752108321
925 0.932820442321
926 0.932874952333
927 0.932930658715
928 0.932990105141
929 0.933050734747
930 0.933097616265
931 0.933165664586
932 0.933219978788
933 0.933275481804
934 0.933334700911
935 0.933395095809
936 0.933441831511
937 0.933509597695
938 0.933563718469
939 0.933619020597
940 0.933678015162
941 0.933738178222
942 0.933784769835
943 0.933852257353
944 0.933906187031
945 0.933961290691
946 0.934020063438
947 0.934079997469
948 0.934126446681
949 0.934193658933
950 0.934247399794
951 0.93430230736
952 0.934360860951
953 0.934420568706
954 0.934466877168
955 0.934533817484
956 0.934587371763
957 0.934642085555
958 0.9347004226
959 0.934759906774
960 0.934806076101
961 0.934872747743
962 0.934926117626
963 0.934980639919
964 0.935038762972
965 0.935098026205
966 0.935144057979
967 0.935210464144
968 0.935263651772
969 0.935317984793
970 0.935375896359
971 0.935434941237
972 0.935480837005
973 0.935546980826
974 0.935599988297
975 0.935654134227
976 0.93571183676
977 0.935770665816
978 0.935816427094
979 0.935882311643
980 0.935935141011
981 0.935989101987
982 0.93604659789
983 0.936105213611
984 0.93615084188
985 0.936216470168
986 0.936269123448
987 0.936322901565
988 0.936380193194
989 0.936438598013
990 0.936484094727
991 0.936549469707
992 0.936601948871
993 0.936655546181
994 0.936712635848
995 0.936770832152
996 0.936816198734
997 0.936881323301
998 0.936933630283
999 0.9369870488
1000 0.937043938768
1001 0.937101928899
1002 0.937147166742
1003 0.937212043738
1004 0.937264180434
1005 0.93731742213
1006 0.937374114621
1007 0.937431900875
1008 0.937477011345
1009 0.937541643555
1010 0.937593611824
1011 0.937646678634
1012 0.937703175827
1013 0.937760760456
1014 0.937805744891
1015 0.93787013505
1016 0.937921936715
1017 0.937974830537
1018 0.938031134569
1019 0.938088519781
1020 0.938133379495
1021 0.938197530285
1022 0.938249167135
1023 0.93830188983
1024 0.938358002798
1025 0.938415190761
1026 0.93845992704
1027 0.938523841093
1028 0.938575314883
1029 0.938627868277
1030 0.938683792238
1031 0.938740785081
1032 0.938785399185
1033 0.938849079087
1034 0.938900391537
1035 0.938952777423
1036 0.939008514396
1037 0.939065314205
1038 0.939109807373
1039 0.939173255661
1040 0.93922440846
1041 0.939276628597
1042 0.939332180564
1043 0.93938878939
1044 0.939433162835
1045 0.939496382
1046 0.939547376806
1047 0.939599432919
1048 0.939654801827
1049 0.93971122168
1050 0.939755476593
1051 0.939818469081
1052 0.939869307523
1053 0.939921201307
1054 0.939976389065
1055 0.940032621923
1056 0.940076759473
1057 0.940139527686
1058 0.94019021136
1059 0.940241944479
1060 0.940296952964
1061 0.940353000765
1062 0.940397022099
1063 0.940459568398
1064 0.940510098873
1065 0.94056167296
1066 0.940616504015
1067 0.940672368666
1068 0.94071627491
1069 0.940778601613
1070 0.940828980429
1071 0.94088039709
1072 0.940935052523
1073 0.940990735896
1074 0.941034528155
1075 0.941096637539
1076 0.94114686621
1077 0.94119812702
1078 0.941252608611
1079 0.941308112544
1080 0.941351791903
1081 0.941413686207
1082 0.94146376622
1083 0.941514872728
1084 0.941569182222
1085 0.941624508523
1086 0.941668076049
1087 0.941729757471
1088 0.941779690286
1089 0.941830644013
1090 0.941884783127
1091 0.941939933573
1092 0.941983390311
1093 0.942044861015
1094 0.942094648066
1095 0.942145450507
1096 0.942199420929
1097 0.942254397263
1098 0.942297744243
1099 0.942359006352
1100 0.94240864905
1101 0.942459301675
1102 0.942513105062
1103 0.942567909
1104 0.942611147233
1105 0.942672202837
1106 0.942721702568
1107 0.942772206821
1108 0.942825844803
1109 0.942880478032
1110 0.942923608511
1111 0.942984459664
1112 0.94303381779
1113 0.94308417509
1114 0.94313764927
1115 0.943192113448
1116 0.943235137148
1117 0.94329578587
1118 0.943345003731
1119 0.943395215474
1120 0.943448527428
1121 0.943502824186
1122 0.943545742067
1123 0.943606190343
1124 0.943655269257
1125 0.943705336815
1126 0.943758488092
1127 0.943812619033
1128 0.943855432038
1129 0.943915681823
1130 0.943964623084
1131 0.944014547807
1132 0.944067539932
1133 0.944121506632
1134 0.944164215689
1135 0.944224268905
1136 0.944273073787
1137 0.944322857003
1138 0.944375691474
1139 0.944429495485
1140 0.944472101506
1141 0.944531960043
1142 0.944580629799
1143 0.944630272813
1144 0.944682951106
1145 0.944736593954
1146 0.944779097835
1147 0.944838763554
1148 0.944887299416
1149 0.944936803514
1150 0.944989327078
1151 0.945042810266
1152 0.945085212889
1153 0.94514468762
1154 0.945193090801
1155 0.945242457246
1156 0.94529482751
1157 0.945348152514
1158 0.945390454748
1159 0.945449740292
1160 0.945498011985
1161 0.945547242022
1162 0.94559946039
1163 0.945652628665
1164 0.945694831363
1165 0.945753929493
1166 0.945802070873
1167 0.945851165724
1168 0.945903233579
1169 0.945956246556
1170 0.94599835056
1171 0.94605726302
1172 0.946105275242
1173 0.946154236113
1174 0.946206154816
1175 0.946259013903
1176 0.946301020039
1177 0.946359748548
1178 0.94640763275
1179 0.946456460826
1180 0.946508231717
1181 0.946560938302
1182 0.946602847383
1183 0.946661393632
1184 0.946709150933
1185 0.946757847383
1186 0.946809471781
1187 0.946862027227
1188 0.946903840056
1189 0.94696220571
1190 0.947009837213
1191 0.947058403185
1192 0.947109882388
1193 0.947162288042
1194 0.947204005407
1195 0.947262192106
1196 0.947309698896
1197 0.947358135522
1198 0.94740947081
1199 0.947461727993
1200 0.947503350671
1201 0.947561360029
1202 0.947608743176
1203 0.947657051571
1204 0.947708244202
1205 0.94776035422
1206 0.947801882975
1207 0.947859716584
1208 0.94790697714
1209 0.947955158401
1210 0.948006209616
1211 0.948058173752
1212 0.948099609338
1213 0.948157268763
1214 0.948204407765
1215 0.948252462974
1216 0.948303373994
1217 0.948355193514
1218 0.948396536673
1219 0.948454023457
1220 0.948501041927
1221 0.948548972148
1222 0.948599744178
1223 0.948651420326
1224 0.94869267179
1225 0.948749987453
1226 0.948796886397
1227 0.94884469268
1228 0.948895326905
1229 0.94894686091
1230 0.948988021397
1231 0.949045167438
1232 0.949091947847
1233 0.949139631226
1234 0.949190128814
1235 0.949241521885
1236 0.949282592106
1237 0.949339569999
1238 0.949386232851
1239 0.949433794344
1240 0.949484156447
1241 0.949535409776
1242 0.94957639043
1243 0.949633201631
1244 0.949679747888
1245 0.949727188498
1246 0.94977741625
1247 0.949828531013
1248 0.949869422788
1249 0.949926068729
1250 0.94997249934
1251 0.950019820058
1252 0.950069914577
1253 0.95012089193
1254 0.950161695507
1255 0.950218177601
1256 0.950264493501
1257 0.950311695301
1258 0.95036165769
1259 0.950412498775
1260 0.950453214821
1261 0.950509534461
1262 0.950555736572
1263 0.950602820416
1264 0.95065265176
1265 0.950703357702
1266 0.950743986879
1267 0.950800145437
1268 0.950846234667
1269 0.950893201503
1270 0.950942902873
1271 0.950993474781
1272 0.951034017739
1273 0.951090016568
1274 0.951135993814
1275 0.951182844575
1276 0.951232417029
1277 0.951282855995
1278 0.951323313375
1279 0.95137915381
1280 0.951425019955
1281 0.951471755563
1282 0.95152120014
1283 0.951571507244
1284 0.951611879679
1285 0.951667563035
1286 0.95171331895
1287 0.951759940313
1288 0.951809258041
1289 0.951859434345
1290 0.951899722459
1291 0.951955250034
1292 0.952000896577
1293 0.952047404591
1294 0.952096596483
1295 0.952146643035
1296 0.952186847444
1297 0.952242220516
1298 0.952287758536
1299 0.952334154085
1300 0.952383221138
1301 0.952433138973
1302 0.952473260283
1303 0.952528480114
1304 0.952573910446
1305 0.952620194401
1306 0.952669137601
1307 0.952718927738
1308 0.952758966549
1309 0.952814034384
1310 0.952859357853
1311 0.952905531073
1312 0.952954351391
1313 0.953004014837
1314 0.953043971739
1315 0.953098888806
1316 0.953144106224
1317 0.953190169558
1318 0.953238867953
1319 0.9532884057
1320 0.953328281275
1321 0.953383048785
1322 0.953428160955
1323 0.95347411524
1324 0.953522692657
1325 0.953572105684
1326 0.953611900509
1327 0.953666519656
1328 0.953711527369
1329 0.95375737343
1330 0.953805830803
1331 0.953855120077
1332 0.953894834718
1333 0.953949306681
1334 0.953994210719
1335 0.954039949371
1336 0.95408828762
1337 0.954137454093
1338 0.954177089111
1339 0.954231415054
1340 0.954276216187
1341 0.954321848233
1342 0.954370068267
1343 0.954419112881
1344 0.954458668829
1345 0.954512849898
1346 0.954557548888
1347 0.954603075123
1348 0.954651177837
1349 0.95470010152
1350 0.954739578943
1351 0.954793616273
1352 0.95483821387
1353 0.954883635076
1354 0.954931621356
1355 0.954980425024
1356 0.955019824462
1357 0.95507371917
1358 0.955118216115
1359 0.955163533065
1360 0.955211403784
1361 0.955260088342
1362 0.955299410327
1363 0.955353163515
1364 0.95539756054
1365 0.955442773997
1366 0.955490530019
1367 0.955539096359
1368 0.955578341415
1369 0.955631954173
1370 0.955676252001
1371 0.955721362718
1372 0.955769004893
1373 0.955817453896
1374 0.955856622543
1375 0.955910095947
1376 0.95595429529
1377 0.955999304011
1378 0.956046833178
1379 0.956095165716
1380 0.956134258465
1381 0.956187593575
1382 0.956231695138
1383 0.956276602598
1384 0.956324019587
1385 0.956372236518
1386 0.956411253876
1387 0.95646445174
1388 0.956508456218
1389 0.956553263141
1390 0.956600568772
1391 0.956648670944
1392 0.95668761341
1393 0.956740675063
1394 0.956784583142
1395 0.956829290244
1396 0.956876485326
1397 0.956924473577
1398 0.956963341644
1399 0.957016268107
1400 0.957060080466
1401 0.957104688455
1402 0.957151773786
1403 0.957199648943
1404 0.957238443099
1405 0.957291235381
1406 0.95733495269
1407 0.957379462263
1408 0.957426438632
1409 0.957474201512
1410 0.957512922239
1411 0.957565581336
1412 0.957609204255
1413 0.957653616103
1414 0.95770048429
1415 0.957748135699
1416 0.957786783472
1417 0.957839310368
1418 0.957882839552
1419 0.957927154356
1420 0.957973915129
1421 0.958021455865
1422 0.958060031154
1423 0.958112426821
1424 0.958155862914
1425 0.958200081347
1426 0.958246735468
1427 0.958294166317
1428 0.958332669588
1429 0.958384934985
1430 0.958428278626
1431 0.958472401352
1432 0.958518949571
1433 0.958566271312
1434 0.958604703022
1435 0.958656839097
1436 0.958700090916
1437 0.958744118593
1438 0.958790561652
1439 0.958837775052
1440 0.958876135656
1441 0.958928143346
1442 0.958971303964
1443 0.959015237241
1444 0.959061575873
1445 0.959108681692
1446 0.959146971638
1447 0.959198851868
1448 0.959241921901
1449 0.959285761419
1450 0.959331996349
1451 0.959378995336
1452 0.959417215066
1453 0.95946896875
1454 0.959511948806
1455 0.9595556952
1456 0.959601827142
1457 0.959648720039
1458 0.959686869992
1459 0.959738498033
1460 0.959781388713
1461 0.959825042607
1462 0.959871072269
1463 0.959917859808
1464 0.959955940417
1465 0.960007443708
1466 0.960050245604
1467 0.960093807619
1468 0.9601397357
1469 0.960186418604
1470 0.960224430297
1471 0.960275809719
1472 0.96031852342
1473 0.960361994167
1474 0.960407821357
1475 0.960454400341
1476 0.960492343542
1477 0.960543599966
1478 0.96058622605
1479 0.960629606134
1480 0.960675333117
1481 0.960721808888
1482 0.960759684014
1483 0.960810818302
1484 0.960853357344
1485 0.960896647362
1486 0.960942274811
1487 0.960988648068
1488 0.961026455534
1489 0.961077468536
1490 0.961119921102
1491 0.961163121645
1492 0.961208650229
1493 0.961254921662
1494 0.961292661876
1495 0.961343554434
1496 0.961385921084
1497 0.961429032737
1498 0.961474463113
1499 0.961520633405
1500 0.961558306772
1501 0.961609079717
1502 0.961651361006
1503 0.961694384346
1504 0.961739717167
1505 0.961785786993
1506 0.961823393913
1507 0.961874048067
1508 0.961916244542
1509 0.961959180139
1510 0.962004416049
1511 0.962050386076
1512 0.962087926945
1513 0.962138463121
1514 0.962180575323
1515 0.962223423743
1516 0.962268563379
1517 0.962314434266
1518 0.962351909476
1519 0.962402328476
1520 0.962444356941
1521 0.962487118742
1522 0.962532162734
1523 0.962577935134
1524 0.962615345071
1525 0.96266564769
1526 0.962707592947
1527 0.962750268681
1528 0.962795217652
1529 0.962840892209
1530 0.962878237257
1531 0.962928424279
1532 0.962970286853
1533 0.963012877065
1534 0.963057731631
1535 0.963103308984
1536 0.963140589521
1537 0.963190661723
1538 0.963232442132
1539 0.963274947362
1540 0.963319708132
1541 0.96336518891
1542 0.963402405311
1543 0.963452363461
1544 0.963494062216
1545 0.963536482999
1546 0.963581150575
1547 0.963626535403
1548 0.963663688039
1549 0.963713532896
1550 0.963755150504
1551 0.963797487368
1552 0.963842062346
1553 0.963887351839
1554 0.963924441078
1555 0.963974173391
1556 0.964015710355
1557 0.964057963821
1558 0.964102446791
1559 0.96414764156
1560 0.964184667764
1561 0.964234288277
1562 0.964275745091
1563 0.964317915677
1564 0.96436230722
1565 0.964407407869
1566 0.964444371398
1567 0.964493880844
1568 0.964535257999
1569 0.964577346217
1570 0.964621646911
1571 0.964666654035
1572 0.964703555245
1573 0.96475295435
1574 0.964794252332
1575 0.964836258686
1576 0.964880469101
1577 0.964925383292
1578 0.964962222534
1579 0.965011512017
1580 0.965052731305
1581 0.965094656297
1582 0.965138776996
1583 0.965183598838
1584 0.965220376461
1585 0.965269557032
1586 0.965310698101
1587 0.965352542226
1588 0.965396573768
1589 0.965441303839
1590 0.965478020187
1591 0.965527092548
1592 0.965568155869
1593 0.965609919616
1594 0.965653862554
1595 0.965698501425
1596 0.965735156839
1597 0.965784121687
1598 0.965825107725
1599 0.965866791579
1600 0.965910646458
1601 0.965955194694
1602 0.965991789513
1603 0.966040647535
1604 0.966081556749
1605 0.966123161191
1606 0.966166928553
1607 0.966211386714
1608 0.966247921271
1609 0.966296673147
1610 0.966337505994
1611 0.966379031497
1612 0.966422711876
1613 0.966467080516
1614 0.966503555144
1615 0.966552201546
1616 0.966592958477
1617 0.966634405511
1618 0.966677999437
1619 0.966722279105
1620 0.966758694129
1621 0.966807235725
1622 0.966847917186
1623 0.966889286216
1624 0.966932794213
1625 0.966976985449
1626 0.967013341196
1627 0.967061778644
1628 0.967102385076
1629 0.967143676563
1630 0.967187099149
1631 0.967231202491
1632 0.967267499281
1633 0.967315833233
1634 0.967356365074
1635 0.967397579473
1636 0.967440917161
1637 0.96748493314
1638 0.967521171292
1639 0.967569402394
1640 0.967609860076
1641 0.967650997837
1642 0.967694251135
1643 0.967738180277
1644 0.967774360106
1645 0.967822488996
1646 0.967862872947
1647 0.967903934517
1648 0.967947103929
1649 0.967990946754
1650 0.968027068571
1651 0.968075095881
1652 0.968115406526
1653 0.968156392347
1654 0.968199478369
1655 0.968243235392
1656 0.968279299506
1657 0.968327225862
1658 0.968367463621
1659 0.96840837413
1660 0.968451377255
1661 0.968495048986
1662 0.968531055703
1663 0.968578881725
1664 0.968619047013
1665 0.968659882643
1666 0.968702803358
1667 0.968746390301
1668 0.968782339925
1669 0.968830066224
1670 0.968870159453
1671 0.968910920633
1672 0.968953759422
1673 0.968997262077
1674 0.969033154908
1675 0.969080782091
1676 0.969120803668
1677 0.969161490823
1678 0.969204248162
1679 0.969247667024
1680 0.969283503358
1681 0.969331032026
1682 0.969370982355
1683 0.969411595904
1684 0.969454272268
1685 0.969497607826
1686 0.969533387959
1687 0.969580818706
1688 0.969620698186
1689 0.969661238546
1690 0.969703834403
1691 0.969747087141
1692 0.969782811364
1693 0.969830144779
1694 0.969869953806
1695 0.969910421389
1696 0.969952937202
1697 0.969996107602
1698 0.970031776204
1699 0.970079012868
1700 0.970118751834
1701 0.970159147048
1702 0.970201583277
1703 0.970244671813
1704 0.97028028508
1705 0.970327425572
1706 0.970367094864
1707 0.970407418113
1708 0.970449775213
1709 0.970492782356
1710 0.970528340572
1711 0.970575385461
1712 0.970614985464
1713 0.970655237149
1714 0.97069751557
1715 0.970740441786
1716 0.970775945232
1717 0.970822895084
1718 0.970862426179
1719 0.970902606695
1720 0.970944806884
1721 0.970987652634
1722 0.971023101588
1723 0.971069956963
1724 0.971109419527
1725 0.971149529268
1726 0.971191651665
1727 0.971234417406
1728 0.971269812145
1729 0.971316573598
1730 0.971355968003
1731 0.971396007357
1732 0.971438052401
1733 0.971480738586
1734 0.971516079383
1735 0.971562747461
1736 0.971602074078
1737 0.971642043432
1738 0.971684011555
1739 0.971726618632
1740 0.971761905758
1741 0.971808481006
1742 0.971847740201
1743 0.971887639935
1744 0.971929531567
1745 0.971972059981
1746 0.972007293703
1747 0.972053776659
1748 0.972092968796
1749 0.972132799287
1750 0.972174614853
1751 0.972217065043
1752 0.972252245629
1753 0.972298636826
1754 0.972337762264
1755 0.972377523888
1756 0.972419263809
1757 0.97246163621
1758 0.972496763923
1759 0.972543063888
1760 0.972582122984
1761 0.972621816111
1762 0.972663480804
1763 0.97270577585
1764 0.97274085095
1765 0.972787060208
1766 0.972826053313
1767 0.972865678312
1768 0.97290726819
1769 0.972949486306
1770 0.972984509053
1771 0.973030628121
1772 0.973069555587
1773 0.973109112821
1774 0.973150628293
1775 0.973192769904
1776 0.973227740554
1777 0.973273769945
1778 0.973312632117
1779 0.973352121947
1780 0.97339356342
1781 0.973435628944
1782 0.973470547753
1783 0.973516487975
1784 0.973555285197
1785 0.97359470798
1786 0.973636075855
1787 0.973678065708
1788 0.973712932928
1789 0.973758784484
1790 0.973797517097
1791 0.973836873187
1792 0.973878167862
1793 0.973920082457
1794 0.973954898336
1795 0.974000661725
1796 0.974039330066
1797 0.974078619815
1798 0.974119841684
1799 0.974161681428
1800 0.974196446216
1801 0.974242121932
1802 0.974280726334
1803 0.97431995009
1804 0.974361099543
1805 0.974402864841
1806 0.974437578783
1807 0.974483167315
1808 0.97452170811
1809 0.974560866217
1810 0.974601943643
1811 0.974643634894
1812 0.974678298234
1813 0.974723800068
1814 0.974762277583
1815 0.974801370383
1816 0.974842376165
1817 0.974883993767
1818 0.974918606746
1819 0.974964022361
1820 0.975002436922
1821 0.975041464754
1822 0.975082399272
1823 0.975123943618
1824 0.975158506475
1825 0.975203836349
1826 0.975242188278
1827 0.975281151476
1828 0.975322015107
1829 0.975363486587
1830 0.975397999561
1831 0.975443244163
1832 0.975481533781
1833 0.975520432678
1834 0.975561225795
1835 0.975602624796
1836 0.975637088121
1837 0.97568224792
1838 0.975720475542
1839 0.975759310468
1840 0.975800033442
1841 0.975841360345
1842 0.975875774255
1843 0.975920849713
1844 0.975959015654
1845 0.975997786935
1846 0.976038440133
1847 0.976079695318
1848 0.976114060044
1849 0.976159051621
1850 0.976197156191
1851 0.976235864152
1852 0.976276447936
1853 0.97631763178
1854 0.976351947552
1855 0.976396855701
1856 0.97643489921
1857 0.976473544171
1858 0.976514058902
1859 0.976555171777
1860 0.976589438822
1861 0.976634263996
1862 0.976672246748
1863 0.976710829028
1864 0.976751275063
1865 0.976792317338
1866 0.976826535883
1867 0.976871278526
1868 0.976909200825
1869 0.976947720739
1870 0.976988098433
1871 0.977029070474
1872 0.977063240742
1873 0.977107901298
1874 0.977145763445
1875 0.977184221305
1876 0.977224531008
1877 0.977265433178
1878 0.977299555391
1879 0.977344134299
1880 0.977381936591
1881 0.977420332709
1882 0.977460574769
1883 0.977501407427
1884 0.977535481806
1885 0.977579979499
1886 0.977617722232
1887 0.977656056914
1888 0.977696231676
1889 0.97773699518
1890 0.977771021942
1891 0.977815438852
1892 0.97785312232
1893 0.97789139587
1894 0.977931503676
1895 0.977972198379
1896 0.978006177742
1897 0.978050514296
1898 0.978088138787
1899 0.978126351508
1900 0.978166392697
1901 0.978207018949
1902 0.978240951127
1903 0.978285207749
1904 0.978322773552
1905 0.978360925744
1906 0.978400900651
1907 0.9784414588
1908 0.978475344007
1909 0.978519521115
1910 0.978557028517
1911 0.978595120476
1912 0.978635029435
1913 0.978675519825
1914 0.978709358272
1915 0.978753456283
1916 0.978790905565
1917 0.978828937587
1918 0.978868780928
1919 0.978909203901
1920 0.978942995797
1921 0.978987015123
1922 0.979024406567
1923 0.979062378943
1924 0.979102156994
1925 0.979142512888
1926 0.979176258442
1927 0.979220199492
1928 0.979257533377
1929 0.979295446396
1930 0.979335159481
1931 0.979375448633
1932 0.979409148051
1933 0.97945301123
1934 0.979490287831
1935 0.979528141781
1936 0.979567790223
1937 0.979608012964
1938 0.979641666451
1939 0.979685452161
1940 0.979722671752
1941 0.979760466919
1942 0.979800051036
1943 0.979840207698
1944 0.979873815457
1945 0.979917524096
1946 0.979954686949
1947 0.979992423614
1948 0.980031943723
1949 0.980072034632
1950 0.980105596865
1951 0.980149228829
1952 0.980186335213
1953 0.980224013656
1954 0.980263470071
1955 0.980303495553
1956 0.980337012459
1957 0.980380568139
1958 0.980417618321
1959 0.980455238821
1960 0.980494631854
1961 0.980534592229
1962 0.980568064008
1963 0.980611543791
1964 0.980648538037
1965 0.980686100869
1966 0.980725430828
1967 0.980765326416
1968 0.980798753264
1969 0.980842157536
1970 0.980879096109
1971 0.980916601546
1972 0.980955868737
1973 0.980995699855
1974 0.981029081968
1975 0.981072411111
1976 0.98110929427
1977 0.981146742584
1978 0.981185947312
1979 0.981225714273
1980 0.981259051844
1981 0.981302306236
1982 0.981339134241
1983 0.981376525701
1984 0.981415668266
1985 0.981455371382
1986 0.981488664604
1987 0.981531844621
1988 0.981568617728
1989 0.9816059526
1990 0.981645033301
1991 0.981684672881
1992 0.981717921944
1993 0.981761027958
1994 0.981797746422
1995 0.981835024971
1996 0.981874044105
1997 0.981913620455
1998 0.98194682555
1999 0.981989857929
