25 0.811403224336
26 0.814900662933
27 0.818220181298
28 0.821474647082
29 0.824570947854
30 0.82698102079
31 0.830007727068
32 0.832393897738
33 0.834687857102
34 0.836975000386
35 0.839177840066
36 0.840863852756
37 0.843082253011
38 0.844810557652
39 0.846490943075
40 0.848192082803
41 0.84984792934
42 0.851092686065
43 0.852804277025
44 0.854121602325
45 0.855415045156
46 0.856742148259
47 0.858045573432
48 0.859008698699
49 0.860386173023
50 0.861434594586
51 0.86247264175
52 0.8635499472
53 0.864615994257
54 0.865391857986
55 0.866539271897
56 0.867404415731
57 0.8682669761
58 0.869170673858
59 0.870070453248
60 0.870717173898
61 0.871700040542
62 0.872435662149
63 0.873173271791
64 0.873951995129
65 0.874731228087
66 0.875285934745
67 0.876147132622
68 0.876788233611
69 0.87743402366
70 0.878119945147
71 0.878809080349
72 0.879296286926
73 0.880064864124
74 0.88063499178
75 0.881211393547
76 0.881826486757
77 0.882446448752
78 0.882882825783
79 0.883579073854
80 0.884094540114
81 0.884617184994
82 0.885176892397
83 0.885742470307
84 0.886139659771
85 0.886778146357
86 0.887250551777
87 0.887730618174
88 0.888246073695
89 0.88876798673
90 0.889134315891
91 0.889725758068
92 0.890163549925
93 0.890609220097
94 0.891088638
95 0.891574833255
96 0.891916388752
97 0.892468845356
98 0.892878307387
99 0.893295697665
100 0.8937452651
101 0.894201755813
102 0.894523074784
103 0.895042726133
104 0.895428623808
105 0.895822393997
106 0.896246859388
107 0.89667828014
108 0.896982805729
109 0.897474476241
110 0.89784048755
111 0.898214249628
112 0.898617319639
113 0.899027302591
114 0.899317690824
115 0.899785207248
116 0.900134216587
117 0.900490814703
118 0.900875427808
119 0.901266863038
120 0.901545193751
121 0.901991635793
122 0.902325938459
123 0.902667644555
124 0.903036163242
125 0.903411382374
126 0.903679306872
127 0.904107185858
128 0.904428632952
129 0.904757285907
130 0.905111634145
131 0.905472542153
132 0.905731388351
133 0.90614277678
134 0.906452879613
135 0.906769985856
136 0.907111749032
137 0.90745992039
138 0.90771076884
139 0.90810739584
140 0.908407402321
141 0.908714209701
142 0.909044708378
143 0.909381458253
144 0.909625197923
145 0.910008520598
146 0.910299471927
147 0.910597024714
148 0.910917369826
149 0.91124380752
150 0.911481177264
151 0.911852434751
152 0.912135208051
153 0.912424388429
154 0.912735523125
155 0.91305259271
156 0.913284212479
157 0.91364446742
158 0.913919808192
159 0.914201367937
160 0.914504099687
161 0.914812611269
162 0.915039005881
163 0.915389176598
164 0.915657723711
165 0.915932308653
166 0.91622733416
167 0.916527988196
168 0.916749605628
169 0.917090491373
170 0.917352796506
171 0.917620965621
172 0.917908890346
173 0.91820229676
174 0.918419522376
175 0.918751823324
176 0.919008366258
177 0.919270606709
178 0.91955196033
179 0.919838653685
180 0.920051821392
181 0.920376154642
182 0.920627355382
183 0.920884094487
184 0.92115934325
185 0.92143979489
186 0.921649195984
187 0.921966108459
188 0.92221233694
189 0.922463951771
190 0.922733508441
191 0.923008136303
192 0.923214026522
193 0.923524005469
194 0.923765589388
195 0.924012414536
196 0.924276646481
197 0.924545823075
198 0.924748428283
199 0.925051909875
200 0.925289141058
201 0.925531474963
202 0.925790710764
203 0.926054769726
204 0.926254290521
205 0.926551666954
206 0.926784806577
207 0.927022916722
208 0.92727745163
209 0.927536693122
210 0.927733308596
211 0.928024934001
212 0.928254216889
213 0.928488344096
214 0.928738444554
215 0.928993139765
216 0.929187010598
217 0.929473205973
218 0.929698844176
219 0.92992920618
220 0.930175113598
221 0.930425508503
222 0.930616779521
223 0.930897836891
224 0.931120022665
225 0.931346817104
226 0.931588751039
227 0.93183506956
228 0.932023871868
229 0.932300057799
230 0.932518966118
231 0.932742373052
232 0.932980533883
233 0.933222980573
234 0.933409433333
235 0.933680991929
236 0.933896782604
237 0.934116966645
238 0.934351537853
239 0.934590300169
240 0.934774512108
241 0.935041667567
242 0.935254487045
243 0.935471599173
244 0.935702749286
245 0.935937999541
246 0.936120070217
247 0.936383029033
248 0.936593011934
249 0.936807191049
250 0.937035075309
251 0.937266972342
252 0.937446993228
253 0.93770594609
254 0.937913216526
255 0.938124590779
256 0.93834935258
257 0.938578043205
258 0.938756098609
259 0.939011222047
260 0.93921589476
261 0.939424582702
262 0.939646354837
263 0.939871975091
264 0.940048142952
265 0.94029960077
266 0.940501782113
267 0.940707893697
268 0.940926799435
269 0.94114947567
270 0.941323828241
271 0.941571772771
272 0.941771561565
273 0.941975199012
274 0.942191353044
275 0.94241120288
276 0.942583807318
277 0.942828380518
278 0.943025868797
279 0.943227127352
280 0.943440636622
281 0.943657769778
282 0.943828688663
283 0.944070023087
284 0.944265296749
285 0.944464265349
286 0.944675229774
287 0.944889748808
288 0.94505904059
289 0.945297260238
290 0.945490399624
291 0.945687161483
292 0.945895674598
293 0.946107675555
294 0.946275394944
295 0.946510616027
296 0.946701696422
297 0.946896329546
298 0.947102479075
299 0.947312052057
300 0.947478250377
301 0.947710581982
302 0.947899674068
303 0.948092251715
304 0.948296120068
305 0.948503349753
306 0.948668075239
307 0.948897619936
308 0.949084790186
309 0.949275381273
310 0.949477046
311 0.949682012093
312 0.949845310167
313 0.95007216454
314 0.950257475575
315 0.950446145039
316 0.950645679229
317 0.950848456869
318 0.951010370379
319 0.951234625512
320 0.951418136415
321 0.951604945538
322 0.95180241818
323 0.952003078306
324 0.952163647736
325 0.952385389643
326 0.952567156244
327 0.952752162946
328 0.952947639247
329 0.953146248927
330 0.953305512591
331 0.953524822605
332 0.953704897735
333 0.95388815683
334 0.954081698511
335 0.954278321237
336 0.95443631545
337 0.954653270576
338 0.954831704294
339 0.955013267732
340 0.955204933284
341 0.955399629237
342 0.955556388467
343 0.955771061699
344 0.955947901502
345 0.956127818576
346 0.956317663501
347 0.956510489795
348 0.956666046802
349 0.956878507414
350 0.957053798421
351 0.957232115961
352 0.957420192986
353 0.957611203886
354 0.957765589846
355 0.95797590365
356 0.958149688774
357 0.958326451323
358 0.958512810594
359 0.958702057714
360 0.958855302333
361 0.959063531924
362 0.959235852021
363 0.959411101993
364 0.959595791252
365 0.95978332374
366 0.959935455355
367 0.960141660324
368 0.96031255434
369 0.960486332162
370 0.96066939691
371 0.96085526161
372 0.961006307283
373 0.961210544419
374 0.961380049511
375 0.961552393759
376 0.961733877405
377 0.961918119009
378 0.962068104612
379 0.962270428083
380 0.962438579742
381 0.962609527258
382 0.962789471252
383 0.962972132441
384 0.963121082732
385 0.963321544254
386 0.963488376406
387 0.963657962411
388 0.96383640637
389 0.964017527938
390 0.964165466633
391 0.964364115623
392 0.964529660731
393 0.964697918926
394 0.964874900749
395 0.965054521721
396 0.965201471558
397 0.965398355277
398 0.96556264443
399 0.965729607088
400 0.965905163057
401 0.966083320799
402 0.966229303598
403 0.966424467278
404 0.966587530274
405 0.966753228328
406 0.966927393209
407 0.967104123524
408 0.967249160242
409 0.96744264721
410 0.967604512632
411 0.967768975753
412 0.967941782883
413 0.968117120105
414 0.968261230885
415 0.968453082674
416 0.968613777962
417 0.96877703463
418 0.968948516003
419 0.969122493079
420 0.969265697298
421 0.969455953748
422 0.969615505263
423 0.96977758284
424 0.969947769178
425 0.97012041775
426 0.970262734061
427 0.970451433416
428 0.970609866501
429 0.970770791288
430 0.970939712117
431 0.971111062592
432 0.971252508966
433 0.971439687963
434 0.971597026999
435 0.971756824298
436 0.971924508009
437 0.972094589629
438 0.972235183388
439 0.97242087734
440 0.972577145797
441 0.972735839964
442 0.97290231388
443 0.973071154781
444 0.973210912636
445 0.973395155506
446 0.973550375994
447 0.973707990489
448 0.973873280916
449 0.974040908191
450 0.974179846272
451 0.974362670746
452 0.974516865058
453 0.974673422492
454 0.974837554776
455 0.975003994527
456 0.975142128413
457 0.975323565968
458 0.975476755122
459 0.9756322773
460 0.975795275875
461 0.975960553264
462 0.97609789801
463 0.976277978975
464 0.976430183255
465 0.976584691217
466 0.976746579652
467 0.976910718948
468 0.977047289113
469 0.977226042725
470 0.977377281715
471 0.977530795777
472 0.977691596816
473 0.977854621443
474 0.97799043111
475 0.978167885574
476 0.978318178194
477 0.978470717978
478 0.978630453585
479 0.978792386159
480 0.978927448963
481 0.979103631494
482 0.979252996034
483 0.979404580505
484 0.9795632719
485 0.979724134269
486 0.979858463413
487 0.980033400294
488 0.980181854439
489 0.980332501937
490 0.98049016963
491 0.980649982912
492 0.980783591191
493 0.980957307809
494 0.981104868672
495 0.981254596939
496 0.981411260764
497 0.981570045382
498 0.981702945199
499 0.981875466094
500 0.982022150238
501 0.982170976447
502 0.982326655596
503 0.982484431306
504 0.982616634691
505 0.982787983589
506 0.982933807058
507 0.983081747838
508 0.983236460886
509 0.983393246813
510 0.983524765436
511 0.983694965292
512 0.983839943629
513 0.98398701509
514 0.984140780027
515 0.984296594689
516 0.98442743988
517 0.98459651291
518 0.984740661181
519 0.984886878937
520 0.98503971319
521 0.985194574527
522 0.98532475729
523 0.985492725004
524 0.985636057819
525 0.985781437009
526 0.98593335747
527 0.986087282869
528 0.986216813893
529 0.986383697125
530 0.986526228658
531 0.986670783968
532 0.986821807015
533 0.986974813334
534 0.987103703007
535 0.987269521949
536 0.987411265955
537 0.987555011635
538 0.987705153156
539 0.987857256746
540 0.987985515169
541 0.988150289394
542 0.988291259227
543 0.988434209112
544 0.988583484523
545 0.988734701249
546 0.988862338247
547 0.989026086736
548 0.989166295368
549 0.989308462892
550 0.989456887158
551 0.989607232423
552 0.989734257553
553 0.989896998722
554 0.990036458756
555 0.99017785697
556 0.990325444625
557 0.990474933383
558 0.990601355949
559 0.99076310767
560 0.990901831355
561 0.991042472943
562 0.991189238106
563 0.991337884883
564 0.991463713945
565 0.991624493569
566 0.991762492815
567 0.991902390109
568 0.992048346499
569 0.992196165412
570 0.99232140979
571 0.99248123417
572 0.992618520561
573 0.992757685553
574 0.992902846508
575 0.993049851279
576 0.99317451957
577 0.993333405077
578 0.993469989883
579 0.99360843424
580 0.993752812729
581 0.993899016702
582 0.994023117281
583 0.994181079829
584 0.994316974019
585 0.994454709092
586 0.994598317733
587 0.994743733887
588 0.994867274921
589 0.995024329976
590 0.99515954423
591 0.995296581072
592 0.995439432142
593 0.995584073104
594 0.995707062557
595 0.995863225163
596 0.99599776988
597 0.996134119253
598 0.996276224701
599 0.996420102763
600 0.996542548403
601 0.996697833194
602 0.996831718505
603 0.99696739089
604 0.997108762353
605 0.997251889481
606 0.997373798887
607 0.997528220102
608 0.99766145588
609 0.99779646149
610 0.997937110299
611 0.998079498149
612 0.998200878718
613 0.998354450218
614 0.998487046085
615 0.998621394875
616 0.99876133207
617 0.998902991994
618 0.999023850948
619 0.999176586227
620 0.999308551566
621 0.999442253239
622 0.99958148958
623 0.999722432641
624 0.999842777032
625 0.999994689234
626 1.00012603319
627 1.00025909721
628 1.00039764319
629 1.00053788017
630 1.00065771688
631 1.00080881881
632 1.00093955032
633 1.00107198591
634 1.00120985175
635 1.00134939316
636 1.00146872893
637 1.00161903306
638 1.00174916083
639 1.001880977
640 1.00201817267
641 1.00215702877
642 1.00227587017
643 1.00242538867
644 1.00255492119
645 1.00268612673
646 1.00282266196
647 1.00296084275
648 1.0030791962
649 1.00322794093
650 1.00335688651
651 1.00348748999
652 1.00362337427
653 1.00376088951
654 1.00387876131
655 1.00402674382
656 1.00415511056
657 1.00428512037
658 1.00442036297
659 1.00455722218
660 1.00467461847
661 1.00482185005
662 1.00494964587
663 1.00507907018
664 1.00521368015
665 1.00534989262
666 1.00546681942
667 1.00561331106
668 1.00574054369
669 1.0058693905
670 1.00600337667
671 1.00613895149
672 1.00625541466
673 1.00640117712
674 1.00652785412
675 1.00665613123
676 1.00678950222
677 1.00692444826
678 1.00704045358
679 1.00718549733
680 1.00731162608
681 1.00743934112
682 1.00757210538
683 1.00770643129
684 1.00782198437
685 1.00796631966
686 1.00809190739
687 1.00821906782
688 1.00835123357
689 1.00848494783
690 1.00860005419
691 1.00874369101
692 1.00886874478
693 1.00899535789
694 1.00912693319
695 1.00926004405
696 1.0093747091
697 1.00951765722
698 1.00964218393
699 1.00976825686
700 1.00989924957
701 1.01003176513
702 1.01014599415
703 1.01028826312
704 1.01041226952
705 1.01053780924
706 1.01066822707
707 1.01080015523
708 1.0109139534
709 1.01105555253
710 1.01117904524
711 1.01130405858
712 1.01143390904
713 1.01156525754
714 1.01167862993
715 1.01181956835
716 1.01194255384
717 1.01206704746
718 1.01219633793
719 1.01232711432
720 1.01244006592
721 1.01258035252
722 1.01270283712
723 1.01282681758
724 1.01295555525
725 1.01308576693
726 1.0131983026
727 1.01333794611
728 1.01345993602
729 1.01358340971
730 1.01371160163
731 1.01384125584
732 1.01395338036
733 1.0140923893
734 1.01421389059
735 1.01433686377
736 1.01446451684
737 1.01459362067
738 1.01470533872
739 1.01484372143
740 1.01496474004
741 1.01508721885
742 1.01521433983
743 1.01534290022
744 1.01545421639
745 1.01559198103
746 1.01571252278
747 1.01583451323
748 1.01596110873
749 1.01608913246
750 1.01620005126
751 1.01633720581
752 1.01645727642
753 1.01657878439
754 1.01670486088
755 1.0168323546
756 1.01694288045
757 1.01707943272
758 1.01719903777
759 1.01732006904
760 1.01744563287
761 1.01757260309
762 1.01768274033
763 1.01781869797
764 1.01793784294
765 1.01805840315
766 1.01818346054
767 1.01830991364
768 1.01841966652
769 1.01855503702
770 1.01867372729
771 1.01879382198
772 1.01891837901
773 1.01904432125
774 1.01915369393
775 1.01928848463
776 1.01940672546
777 1.01952636007
778 1.01965042271
779 1.01977586021
780 1.0198848568
781 1.02001907488
782 1.02013687144
783 1.02025605128
784 1.02037962538
785 1.02050456415
786 1.02061318867
787 1.02074684117
788 1.02086419851
789 1.02098292882
790 1.02110602011
791 1.02123046602
792 1.02133872242
793 1.02147181624
794 1.02158873934
795 1.02170702523
796 1.02182963934
797 1.02195359817
798 1.02206149032
799 1.02219403221
800 1.02231052594
801 1.02242837244
802 1.02255051488
803 1.02267399228
804 1.022781524
805 1.02291352059
806 1.02302958973
807 1.02314700176
808 1.02326867793
809 1.02339167946
810 1.02349885449
811 1.02363031227
812 1.02374596151
813 1.02386294391
814 1.02398415912
815 1.02410669022
816 1.02421351222
817 1.02434443756
818 1.02445967151
819 1.02457622903
820 1.02469698849
821 1.02481905448
822 1.02492552708
823 1.02505592622
824 1.0251707494
825 1.02528688669
826 1.0254071955
827 1.02552880164
828 1.02563492837
829 1.02576480744
830 1.02587922429
831 1.02599494593
832 1.02611480909
833 1.02623596052
834 1.02634174487
835 1.02647110987
836 1.02658512474
837 1.02670043522
838 1.02681985766
839 1.02694055942
840 1.02704600482
841 1.02717486165
842 1.02728847882
843 1.02740338254
844 1.0275223691
845 1.02764262613
846 1.02774773596
847 1.02787609038
848 1.02798931406
849 1.02810381536
850 1.02822237076
851 1.02834218794
852 1.0284469655
853 1.0285748232
854 1.02868765752
855 1.02880176064
856 1.02891988954
857 1.02903927163
858 1.02914372018
859 1.02927108673
860 1.02938353574
861 1.02949724487
862 1.02961495184
863 1.02973390353
864 1.02983802628
865 1.02996490714
866 1.03007697482
867 1.03019029406
868 1.03030758359
869 1.03042610949
870 1.03052990958
871 1.03065631012
872 1.03076800039
873 1.03088093377
874 1.03099781028
875 1.03111591491
876 1.03121939543
877 1.03134532091
878 1.03145663763
879 1.03156918911
880 1.03168565692
881 1.03180334472
882 1.03190650873
883 1.03203196433
884 1.03214291127
885 1.03225508476
886 1.03237114813
887 1.03248842347
888 1.03259127396
889 1.03271626476
890 1.03282684565
891 1.03293864496
892 1.03305430808
893 1.03317117524
894 1.03327371517
895 1.03339824616
896 1.03350846464
897 1.03361989354
898 1.03373516052
899 1.03385162372
900 1.03395385599
901 1.03407793208
902 1.03418779175
903 1.03429885394
904 1.03441372882
905 1.0345297922
906 1.03463171967
907 1.03475534566
908 1.03486485007
909 1.03497554919
910 1.03509003594
911 1.03520570358
912 1.03530732905
913 1.03543050969
914 1.0355396623
915 1.03565000193
916 1.03576410445
917 1.03587938035
918 1.03598070661
919 1.03610344654
920 1.03621225078
921 1.03632223443
922 1.03643595657
923 1.03655084467
924 1.03665187442
925 1.03677417822
926 1.03688263745
927 1.03699226859
928 1.03710561413
929 1.03722011829
930 1.03732085424
931 1.03744272639
932 1.03755084392
933 1.03766012596
934 1.03777309861
935 1.03788722264
936 1.03798766741
937 1.03810911234
938 1.03821689144
939 1.03832582772
940 1.03843843113
941 1.03855217878
942 1.03865233498
943 1.03877335703
944 1.03888080089
945 1.03898939471
946 1.03910163248
947 1.03921500743
948 1.03931487763
949 1.03943548107
950 1.03954259284
951 1.03965084745
952 1.03976272311
953 1.03987572898
954 1.0399753157
955 1.04009550473
956 1.04020228753
957 1.04031020612
958 1.04042172315
959 1.04053436351
960 1.04063366924
961 1.04075344799
962 1.04085990486
963 1.04096749057
964 1.0410786524
965 1.04119093075
966 1.04128995794
967 1.04140933047
968 1.04151546444
969 1.04162272036
970 1.04173353036
971 1.04184545015
972 1.04194420121
973 1.04206317152
974 1.04216898554
975 1.04227591472
976 1.0423863762
977 1.04249794084
978 1.04259641815
979 1.04271499018
980 1.04282048716
981 1.0429270926
982 1.04303720883
983 1.04314842166
984 1.04324662755
985 1.04336480517
986 1.04346998798
987 1.04357627264
988 1.04368604683
989 1.04379691113
990 1.04389484794
991 1.04401263494
992 1.04411750642
993 1.0442234732
994 1.04433290851
995 1.04444342754
996 1.04454109752
997 1.04465849766
998 1.0447630606
999 1.04486871236
1000 1.04497781191
1001 1.04508798884
1002 1.04518539425
1003 1.04530241121
1004 1.04540666835
1005 1.04551200792
1006 1.04562077478
1007 1.04573061276
1008 1.04582775581
1009 1.04594439323
1010 1.04604834726
1011 1.04615337741
1012 1.0462618146
1013 1.04637131673
1014 1.0464681996
1015 1.04658446104
1016 1.04668811464
1017 1.04679283811
1018 1.04690094861
1019 1.04701011793
1020 1.04710674277
1021 1.04722263176
1022 1.04732598755
1023 1.04743040704
1024 1.04753819377
1025 1.04764703329
1026 1.04774340221
1027 1.04785892222
1028 1.04796198278
1029 1.04806610094
1030 1.0481735668
1031 1.04828207947
1032 1.04837819457
1033 1.048493349
1034 1.04859611689
1035 1.04869993634
1036 1.04880708417
1037 1.0489152729
1038 1.04901113624
1039 1.04912592845
1040 1.04922840618
1041 1.04933192951
1042 1.0494387621
1043 1.04954662976
1044 1.04964224339
1045 1.04975667669
1046 1.04985886673
1047 1.04996209647
1048 1.0500686166
1049 1.05017616602
1050 1.05027153193
1051 1.05038560958
1052 1.05048751437
1053 1.05059045304
1054 1.05069666342
1055 1.05080389739
1056 1.05089901756
1057 1.05101274277
1058 1.05111436472
1059 1.05121701478
1060 1.0513229181
1061 1.05142983936
1062 1.05152471575
1063 1.05163809168
1064 1.05173943316
1065 1.05184179706
1066 1.05194739595
1067 1.05205400721
1068 1.05214864174
1069 1.05226167151
1070 1.05236273486
1071 1.05246481499
1072 1.05257011207
1073 1.05267641599
1074 1.05277081056
1075 1.05288349725
1076 1.05298428477
1077 1.0530860835
1078 1.05319108134
1079 1.05329708054
1080 1.05339123704
1081 1.05350358366
1082 1.05360409763
1083 1.0537056173
1084 1.05381031842
1085 1.05391601551
1086 1.05400993577
1087 1.05412194531
1088 1.05422218797
1089 1.05432343088
1090 1.05442783779
1091 1.05453323532
1092 1.05462692118
1093 1.05473859658
1094 1.05483857014
1095 1.05493953856
1096 1.05504365372
1097 1.05514875421
1098 1.05524220746
1099 1.05535355161
1100 1.05545325826
1101 1.05555395444
1102 1.05565778026
1103 1.0557625862
1104 1.05585580863
1105 1.05596682439
1106 1.05606626628
1107 1.05616669241
1108 1.05627023131
1109 1.05637474513
1110 1.0564677385
1111 1.05657842869
1112 1.05667760793
1113 1.05677776621
1114 1.05688102054
1115 1.05698524467
1116 1.0570780107
1117 1.05718837809
1118 1.05728729679
1119 1.05738718936
1120 1.05749016144
1121 1.05759409827
1122 1.05768663868
1123 1.05779668601
1124 1.05789534624
1125 1.05799497521
1126 1.05809766735
1127 1.05820131922
1128 1.0582936357
1129 1.05840336566
1130 1.05850176945
1131 1.05860113694
1132 1.0587035514
1133 1.05880692063
1134 1.05889901485
1135 1.05900843011
1136 1.05910657947
1137 1.05920568753
1138 1.05930782655
1139 1.05941091542
1140 1.05950278903
1141 1.05961189221
1142 1.05970978914
1143 1.0598086398
1144 1.05991050559
1145 1.06001331637
1146 1.06010497099
1147 1.06021376467
1148 1.06031141113
1149 1.06041000641
1150 1.06051160114
1151 1.06061413605
1152 1.06070557329
1153 1.06081406004
1154 1.06091145795
1155 1.06100979984
1156 1.06111112566
1157 1.06121338689
1158 1.06130460834
1159 1.06141279067
1160 1.06150994195
1161 1.06160803241
1162 1.06170909143
1163 1.06181108117
1164 1.06190208839
1165 1.06200996878
1166 1.06210687531
1167 1.06220471627
1168 1.0623055106
1169 1.06240723097
1170 1.06249802551
1171 1.06260560642
1172 1.06270227007
1173 1.06279986344
1174 1.06290039513
1175 1.06300184824
1176 1.06309243164
1177 1.06319971548
1178 1.06329613808
1179 1.06339348575
1180 1.06349375685
1181 1.06359494479
1182 1.06368531855
1183 1.06379230771
1184 1.06388849108
1185 1.0639855949
1186 1.06408560742
1187 1.06418653225
1188 1.06427669787
1189 1.0643833947
1190 1.06447934063
1191 1.06457620245
1192 1.06467595836
1193 1.06477662211
1194 1.06486658106
1195 1.0649729879
1196 1.06506869815
1197 1.06516531978
1198 1.06526482105
1199 1.06536522573
1200 1.06545497947
1201 1.0655610986
1202 1.06565657493
1203 1.06575295815
1204 1.06585220673
1205 1.0659523543
1206 1.06604190427
1207 1.06614773796
1208 1.06624298209
1209 1.06633912869
1210 1.06643812647
1211 1.0665380189
1212 1.06662736652
1213 1.066732917
1214 1.06682793064
1215 1.06692384235
1216 1.06702259123
1217 1.06712223045
1218 1.06721137712
1219 1.0673166466
1220 1.06741143143
1221 1.06750710999
1222 1.06760561182
1223 1.06770499973
1224 1.06779394686
1225 1.0678989375
1226 1.06799349519
1227 1.0680889423
1228 1.06818719894
1229 1.06828633742
1230 1.06837508636
1231 1.06847980033
1232 1.06857413251
1233 1.06866934986
1234 1.06876736311
1235 1.06886625402
1236 1.06895480615
1237 1.06905924556
1238 1.06915335386
1239 1.06924834311
1240 1.06934611478
1241 1.06944475995
1242 1.0695331166
1243 1.06963728356
1244 1.06973116958
1245 1.06982593236
1246 1.06992346422
1247 1.07002186547
1248 1.07011002797
1249 1.07021392453
1250 1.07030758986
1251 1.07040212781
1252 1.07049942161
1253 1.07059758073
1254 1.07068555039
1255 1.07078917861
1256 1.07088262481
1257 1.07097693953
1258 1.07107399699
1259 1.07117191576
1260 1.07125969387
1261 1.07136305576
1262 1.07145628438
1263 1.07155037745
1264 1.0716472003
1265 1.07174488045
1266 1.07183246829
1267 1.07193556585
1268 1.07202857842
1269 1.07212245142
1270 1.07221904133
1271 1.07231648459
1272 1.07240388344
1273 1.07250671863
1274 1.07259951666
1275 1.07269317113
1276 1.07278952978
1277 1.07288673786
1278 1.07297394897
1279 1.07307652374
1280 1.07316910871
1281 1.07326254619
1282 1.07335867523
1283 1.0734556498
1284 1.07354267441
1285 1.07364499068
1286 1.07373736408
1287 1.07383058607
1288 1.07392648712
1289 1.07402322987
1290 1.0741100692
1291 1.07421212886
1292 1.07430429215
1293 1.07439730015
1294 1.07449297483
1295 1.07458948739
1296 1.07467614266
1297 1.07477794759
1298 1.07486990221
1299 1.07496269769
1300 1.07505814759
1301 1.07515443158
1302 1.07524090399
1303 1.07534245604
1304 1.07543420342
1305 1.07552678784
1306 1.07562201453
1307 1.07571807157
1308 1.0758043623
1309 1.0759056633
1310 1.07599720484
1311 1.07608957966
1312 1.07618458469
1313 1.07628041637
1314 1.07636652658
1315 1.07646757835
1316 1.07655891544
1317 1.07665108208
1318 1.076745867
1319 1.07684147487
1320 1.07692740574
1321 1.07702821006
1322 1.07711934408
1323 1.07721130395
1324 1.07730587027
1325 1.0774012559
1326 1.07748700857
1327 1.07758756719
1328 1.07767849952
1329 1.077770254
1330 1.07786460323
1331 1.07795976815
1332 1.07804534375
1333 1.07814565844
1334 1.0782363904
1335 1.07832794089
1336 1.0784220745
1337 1.07851702023
1338 1.07860241989
1339 1.07870249235
1340 1.07879302529
1341 1.07888437315
1342 1.07897829261
1343 1.07907302065
1344 1.07915824547
1345 1.07925807743
1346 1.07934841266
1347 1.07943955923
1348 1.079533266
1349 1.07962777782
1350 1.07971282892
1351 1.07981242204
1352 1.07990256086
1353 1.07999350748
1354 1.080087003
1355 1.08018130007
1356 1.08026617852
1357 1.08036553448
1358 1.08045547818
1359 1.08054622617
1360 1.08063951184
1361 1.08073359562
1362 1.0808183025
1363 1.08091742294
1364 1.0810071728
1365 1.08109772346
1366 1.0811908007
1367 1.08128467261
1368 1.08136920898
1369 1.08146809554
1370 1.08155765281
1371 1.08164800744
1372 1.08174087762
1373 1.08183453908
1374 1.08191890601
1375 1.08201756028
1376 1.08210692621
1377 1.08219708608
1378 1.08228975058
1379 1.08238320299
1380 1.08246740151
1381 1.08256582509
1382 1.08265500093
1383 1.08274496729
1384 1.08283742748
1385 1.08293067222
1386 1.08301470337
1387 1.08311289783
1388 1.08320188478
1389 1.08329165889
1390 1.0833839161
1391 1.08347695455
1392 1.08356081934
1393 1.08365878624
1394 1.08374758551
1395 1.08383716861
1396 1.08392922416
1397 1.08402205768
1398 1.08410575713
1399 1.084203498
1400 1.08429211078
1401 1.08438150409
1402 1.08447335931
1403 1.08456598923
1404 1.08464952433
1405 1.0847470407
1406 1.08483546818
1407 1.08492467291
1408 1.08501632908
1409 1.08510875673
1410 1.08519212848
1411 1.08528942185
1412 1.08537766519
1413 1.08546668253
1414 1.08555814095
1415 1.08565036764
1416 1.08573357702
1417 1.08583064887
1418 1.08591870924
1419 1.08600754037
1420 1.08609880231
1421 1.08619082934
1422 1.08627387731
1423 1.08637072912
1424 1.08645860765
1425 1.08654725376
1426 1.08663832047
1427 1.08673014912
1428 1.08681303665
1429 1.08690966987
1430 1.0869973677
1431 1.08708582993
1432 1.08717670266
1433 1.08726833421
1434 1.08735106224
1435 1.08744747832
1436 1.08753499656
1437 1.08762327607
1438 1.08771395604
1439 1.08780539174
1440 1.08788796123
1441 1.08798416158
1442 1.08807150135
1443 1.08815959926
1444 1.0882500877
1445 1.08834132879
1446 1.08842374066
1447 1.08851972669
1448 1.08860688909
1449 1.08869480654
1450 1.08878510465
1451 1.08887615236
1452 1.08895840754
1453 1.08905418064
1454 1.08914116675
1455 1.08922890484
1456 1.08931901381
1457 1.08940986937
1458 1.08949196877
1459 1.08958753032
1460 1.08967434122
1461 1.08976190105
1462 1.08985182207
1463 1.08994248667
1464 1.09002443119
1465 1.09011978256
1466 1.09020641931
1467 1.09029380197
1468 1.0903835362
1469 1.09047401104
1470 1.09055580158
1471 1.09065094412
1472 1.09073740777
1473 1.09082461434
1474 1.09091416294
1475 1.09100444919
1476 1.09108608664
1477 1.09118102168
1478 1.09126731328
1479 1.09135434482
1480 1.09144370894
1481 1.09153380778
1482 1.09161529301
1483 1.09171002187
1484 1.09179614244
1485 1.09188300002
1486 1.09197218078
1487 1.09206209336
1488 1.09214342725
1489 1.09223795124
1490 1.09232390181
1491 1.09241058647
1492 1.09249958499
1493 1.09258931246
1494 1.09267049587
1495 1.09276481627
1496 1.09285059786
1497 1.09293711063
1498 1.09302592803
1499 1.09311547151
1500 1.09319650529
1501 1.0932906234
1502 1.093376237
1503 1.09346257891
1504 1.09355121628
1505 1.0936405769
1506 1.0937214619
1507 1.09381537897
1508 1.09390082558
1509 1.09398699764
1510 1.09407545607
1511 1.09416463493
1512 1.09424537199
1513 1.09433908928
1514 1.09442436988
1515 1.0945103731
1516 1.09459865366
1517 1.09468765187
1518 1.09476824181
1519 1.09486176056
1520 1.09494687612
1521 1.09503271149
1522 1.09512081526
1523 1.0952096339
1524 1.09529007755
1525 1.09538339899
1526 1.09546835047
1527 1.09555401897
1528 1.095641947
1529 1.09573058714
1530 1.09581088532
1531 1.09590401066
1532 1.09598879902
1533 1.09607430163
1534 1.09616205496
1535 1.09625051768
1536 1.09633067118
1537 1.09642360163
1538 1.09650822781
1539 1.0965935655
1540 1.09668114516
1541 1.09676943151
1542 1.09684944114
1543 1.09694217788
1544 1.09702664282
1545 1.09711181654
1546 1.09719922357
1547 1.09728733459
1548 1.09736720114
1549 1.09745974536
1550 1.09754404998
1551 1.09762906068
1552 1.09771629607
1553 1.09780423281
1554 1.09788395706
1555 1.09797630992
1556 1.09806045514
1557 1.09814530376
1558 1.09823236853
1559 1.098320132
1560 1.09839971473
1561 1.09849187739
1562 1.09857586412
1563 1.09866055158
1564 1.09874744673
1565 1.09883503794
1566 1.09891447992
1567 1.09900645352
1568 1.09909028266
1569 1.09917480989
1570 1.0992615364
1571 1.09934895636
1572 1.09942825835
1573 1.09952004403
1574 1.09960371646
1575 1.09968808438
1576 1.09977464321
1577 1.09986189292
1578 1.09994105568
1579 1.10003265455
1580 1.10011617117
1581 1.10020038067
1582 1.1002867728
1583 1.10037385324
1584 1.10045287752
1585 1.1005442907
1586 1.10062765237
1587 1.10071170434
1588 1.10079793073
1589 1.10088484288
1590 1.10096372942
1591 1.101054958
1592 1.1011381656
1593 1.10122206093
1594 1.10130812252
1595 1.10139486734
1596 1.10147361688
1597 1.10156466196
1598 1.10164771634
1599 1.10173145591
1600 1.10181735364
1601 1.10190393209
1602 1.10198254535
1603 1.102073408
1604 1.10215631002
1605 1.10223989469
1606 1.10232562949
1607 1.10241204252
1608 1.10249052023
1609 1.10258120152
1610 1.10266395201
1611 1.10274738266
1612 1.10283295545
1613 1.102919204
1614 1.10299754687
1615 1.10308804786
1616 1.10317064766
1617 1.10325392513
1618 1.10333933683
1619 1.10342542182
1620 1.10350363056
1621 1.1035939523
1622 1.10367640224
1623 1.10375952737
1624 1.10384477888
1625 1.10393070124
1626 1.10400877656
1627 1.10409892008
1628 1.10418122098
1629 1.10426419461
1630 1.10434928682
1631 1.10443504747
1632 1.10451299006
1633 1.10460295639
1634 1.10468510906
1635 1.10476793203
1636 1.10485286583
1637 1.10493846566
1638 1.10501627622
1639 1.10510606638
1640 1.10518807162
1641 1.10527074475
1642 1.10535552101
1643 1.10544096093
1644 1.10551864014
1645 1.10560825513
1646 1.10569011374
1647 1.10577263784
1648 1.10585725745
1649 1.10594253834
1650 1.10602008688
1651 1.1061095277
1652 1.10619124048
1653 1.10627361636
1654 1.10635808017
1655 1.1064432029
1656 1.10652062144
1657 1.1066098891
1658 1.10669145681
1659 1.10677368527
1660 1.10685799414
1661 1.1069429596
1662 1.10702024881
1663 1.10710934426
1664 1.1071907677
1665 1.10727284953
1666 1.1073570043
1667 1.10744181335
1668 1.10751897389
1669 1.10760789812
1670 1.10768917805
1671 1.10777111404
1672 1.10785511555
1673 1.10793976904
1674 1.10801680157
1675 1.10810555554
1676 1.10818669271
1677 1.10826848364
1678 1.10835233273
1679 1.10843683151
1680 1.10851373668
1681 1.10860232133
1682 1.10868331652
1683 1.10876496315
1684 1.10884866064
1685 1.10893300555
1686 1.109009784
1687 1.10909820029
1688 1.10917905423
1689 1.10926055734
1690 1.10934410405
1691 1.10942829591
1692 1.10950494829
1693 1.10959319715
1694 1.10967391059
1695 1.10975527093
1696 1.10983866766
1697 1.10992270732
1698 1.10999923425
1699 1.1100873166
1700 1.11016789028
1701 1.1102491086
1702 1.11033235616
1703 1.11041624442
1704 1.11049264654
1705 1.11058056331
1706 1.11066099795
1707 1.110742075
1708 1.11082517419
1709 1.11090891186
1710 1.11098518979
1711 1.11107294188
1712 1.1111532382
1713 1.11123417473
1714 1.11131712632
1715 1.11140071422
1716 1.11147686857
1717 1.11156445689
1718 1.11164461562
1719 1.11172541234
1720 1.11180821713
1721 1.11189165604
1722 1.11196768743
1723 1.11205511287
1724 1.11213513471
1725 1.11221579236
1726 1.11229845112
1727 1.11238174184
1728 1.11245765087
1729 1.11254491431
1730 1.11262479997
1731 1.11270531927
1732 1.11278783276
1733 1.11287097607
1734 1.11294676335
1735 1.11303386567
1736 1.11311361586
1737 1.11319399751
1738 1.11327636649
1739 1.11335936316
1740 1.1134350293
1741 1.11352197137
1742 1.11360158676
1743 1.11368183148
1744 1.11376405672
1745 1.11384690752
1746 1.11392245309
1747 1.11400923578
1748 1.11408871707
1749 1.11416882555
1750 1.11425090779
1751 1.11433361348
1752 1.11440903908
1753 1.11449566324
1754 1.11457501111
1755 1.11465498405
1756 1.11473692403
1757 1.11481948537
1758 1.11489479158
1759 1.11498125806
1760 1.11506047318
1761 1.11514031127
1762 1.11522210972
1763 1.11530452747
1764 1.11537971487
1765 1.1154660245
1766 1.11554510753
1767 1.11562481147
1768 1.11570646912
1769 1.115788744
1770 1.11586381317
1771 1.11594996678
1772 1.11602891841
1773 1.11610848885
1774 1.11619000642
1775 1.11627213919
1776 1.11634709068
1777 1.11643308911
1778 1.11651190998
1779 1.11659134761
1780 1.11667272582
1781 1.11675471719
1782 1.11682955159
1783 1.11691539565
1784 1.11699408641
1785 1.11707339188
1786 1.11715463145
1787 1.11723648215
1788 1.1173112
1789 1.1173968905
1790 1.11747545181
1791 1.11755462579
1792 1.11763572742
1793 1.11771743817
1794 1.11779204003
1795 1.11787757777
1796 1.11795601026
1797 1.11803505341
1798 1.11811601779
1799 1.1181975893
1800 1.11827207572
1801 1.11835746151
1802 1.11843576582
1803 1.11851467879
1804 1.11859550661
1805 1.11867693958
1806 1.11875131112
1807 1.11883654574
1808 1.11891472249
1809 1.11899350592
1810 1.11907419788
1811 1.11915549302
1812 1.1192297502
1813 1.11931483444
1814 1.11939288427
1815 1.1194715388
1816 1.11955209557
1817 1.11963325357
1818 1.11970739694
1819 1.11979233156
1820 1.1198702551
1821 1.11994878136
1822 1.12002920362
1823 1.12011022516
1824 1.12018425526
1825 1.12026904104
1826 1.12034683889
1827 1.12042523751
1828 1.12050552593
1829 1.1205864117
1830 1.12066032905
1831 1.12074496676
1832 1.12082263953
1833 1.12090091114
1834 1.12098106638
1835 1.12106181705
1836 1.12113562218
1837 1.12122011257
1838 1.12129766087
1839 1.12137580608
1840 1.1214558288
1841 1.12153644505
1842 1.12161013848
1843 1.1216944823
1844 1.12177190673
1845 1.12184992616
1846 1.12192981701
1847 1.1220102995
1848 1.12208388175
1849 1.12216807974
1850 1.12224538091
1851 1.12232327516
1852 1.12240303479
1853 1.12248338418
1854 1.12255685576
1855 1.12264090866
1856 1.12271808715
1857 1.12279585683
1858 1.12287548589
1859 1.12295570283
1860 1.12302906425
1861 1.1231129728
1862 1.12319002919
1863 1.1232676749
1864 1.12334717402
1865 1.12342725916
1866 1.12350051093
1867 1.12358427584
1868 1.12366121072
1869 1.12373873305
1870 1.12381810286
1871 1.12389805686
1872 1.12397119947
1873 1.12405482147
1874 1.12413163541
1875 1.12420903496
1876 1.12428827609
1877 1.12436809957
1878 1.12444113353
1879 1.12452461333
1880 1.12460130691
1881 1.12467858425
1882 1.12475769733
1883 1.12483739093
1884 1.12491031672
1885 1.12499365503
1886 1.12507022882
1887 1.12514738454
1888 1.12522637017
1889 1.12530593452
1890 1.12537875264
1891 1.12546195017
1892 1.12553840472
1893 1.12561543939
1894 1.12569429819
1895 1.12577373392
1896 1.12584644485
1897 1.12592950228
1898 1.12600583817
1899 1.12608275235
1900 1.12616148494
1901 1.12624079265
1902 1.12631339688
1903 1.12639631491
1904 1.12647253268
1905 1.12654932696
1906 1.12662793392
1907 1.12670711424
1908 1.12677961224
1909 1.12686239156
1910 1.12693849176
1911 1.12701516668
1912 1.12709364863
1913 1.12717270216
1914 1.12724509441
1915 1.12732773569
1916 1.12740371888
1917 1.12748027501
1918 1.12755863252
1919 1.12763755986
1920 1.12770984684
1921 1.12779235076
1922 1.12786821747
1923 1.12794465535
1924 1.12802288903
1925 1.12810169079
1926 1.12817387295
1927 1.12825624018
1928 1.12833199095
1929 1.12840831114
1930 1.12848642156
1931 1.12856509833
1932 1.12863717615
1933 1.12871940734
1934 1.12879504271
1935 1.12887124576
1936 1.1289492335
1937 1.12902778586
1938 1.12909975979
1939 1.12918185562
1940 1.12925737611
1941 1.12933346255
1942 1.12941132819
1943 1.12948975674
1944 1.12956162724
1945 1.12964358834
1946 1.12971899449
1947 1.12979496486
1948 1.12987270896
1949 1.12995101427
1950 1.13002278181
1951 1.13010460884
1952 1.13017990115
1953 1.13025575598
1954 1.13033337912
1955 1.13041156177
1956 1.13048322678
1957 1.13056492038
1958 1.13064009939
1959 1.13071583921
1960 1.13079334193
1961 1.1308714025
1962 1.13094296544
1963 1.13102452624
1964 1.13109959245
1965 1.13117521779
1966 1.13125260066
1967 1.13133053971
1968 1.13140200102
1969 1.13148342966
1970 1.13155838358
1971 1.13163389495
1972 1.13171115853
1973 1.13178897661
1974 1.13186033674
1975 1.13194163385
1976 1.13201647599
1977 1.1320918739
1978 1.13216901874
1979 1.13224671642
1980 1.13231797579
1981 1.13239914199
1982 1.13247387285
1983 1.13254915783
1984 1.13262618446
1985 1.13270376229
1986 1.13277492136
1987 1.13285595726
1988 1.13293057734
1989 1.13300574989
1990 1.13308265885
1991 1.13316011739
1992 1.13323117657
1993 1.13331208279
1994 1.13338659258
1995 1.13346165321
1996 1.13353844504
1997 1.13361578483
1998 1.13368674455
1999 1.1337675217
2000 1.1338419217
2001 1.1339168709
2002 1.13399354614
2003 1.13407076771
2004 1.13414162841
2005 1.13422227709
2006 1.13429656778
2007 1.13437140605
2008 1.13444796522
2009 1.13452506912
2010 1.13459583121
2011 1.13467635202
2012 1.13475053389
2013 1.13482526172
2014 1.13490170535
2015 1.13497869211
2016 1.13504935602
2017 1.13512974954
2018 1.13520382307
2019 1.13527844096
2020 1.13535476956
2021 1.13543163972
2022 1.13550220585
2023 1.13558247269
2024 1.13565643835
2025 1.13573094678
2026 1.13580716087
2027 1.13588391494
2028 1.13595438372
2029 1.13603452445
2030 1.13610838272
2031 1.13618278218
2032 1.13625888227
2033 1.13633552078
2034 1.13640589261
2035 1.13648590782
2036 1.13655965916
2037 1.13663395012
2038 1.13670993672
2039 1.13678646019
2040 1.13685673548
2041 1.13693662574
2042 1.13701027063
2043 1.13708445357
2044 1.13716032719
2045 1.13723673612
2046 1.13730691528
2047 1.13738668116
2048 1.13746022006
2049 1.13753429544
2050 1.13761005658
2051 1.13768635149
2052 1.13775643492
2053 1.137836077
2054 1.13790951035
2055 1.13798347866
2056 1.13805912781
2057 1.13813530921
2058 1.1382052973
2059 1.13828481613
2060 1.13835814441
2061 1.1384320061
2062 1.13850754377
2063 1.13858361215
2064 1.1386535053
2065 1.13873290145
2066 1.1388061251
2067 1.13887988064
2068 1.1389553073
2069 1.13903126317
2070 1.13910106178
2071 1.13918033579
2072 1.13925345527
2073 1.13932710511
2074 1.13940242126
2075 1.1394782651
2076 1.13954796956
2077 1.139627122
2078 1.13970013774
2079 1.13977368235
2080 1.13984888846
2081 1.13992462078
2082 1.13999423147
2083 1.14007326287
2084 1.14014617533
2085 1.14021961514
2086 1.1402947117
2087 1.14037033298
2088 1.1404398503
2089 1.14051876121
2090 1.14059157082
2091 1.14066490629
2092 1.14073989378
2093 1.1408154045
2094 1.14088482882
2095 1.14096361977
2096 1.14103632698
2097 1.14110955856
2098 1.14118443743
2099 1.14125983808
2100 1.14132916979
2101 1.14140784132
2102 1.14148044655
2103 1.14155357468
2104 1.14162834542
2105 1.14170363647
2106 1.14177287594
2107 1.14185142858
2108 1.14192393227
2109 1.14199695738
2110 1.14207162045
2111 1.14214680238
2112 1.14221594998
2113 1.14229438426
2114 1.14236678683
2115 1.14243970937
2116 1.14251426523
2117 1.1425893385
2118 1.14265839462
2119 1.14273671106
2120 1.14280901294
2121 1.14288183333
2122 1.14295628244
2123 1.14303124753
2124 1.14310021252
2125 1.14317841164
2126 1.14325061325
2127 1.14332333193
2128 1.14339767475
2129 1.14347253212
2130 1.14354140635
2131 1.14361948867
2132 1.14369159043
2133 1.14376420781
2134 1.1438384448
2135 1.1439131949
2136 1.14398197875
2137 1.14405994477
2138 1.14413194709
2139 1.14420446362
2140 1.14427859521
2141 1.14435323851
2142 1.14442193233
2143 1.14449978257
2144 1.14457168587
2145 1.14464410195
2146 1.1447181286
2147 1.14479266555
2148 1.1448612697
2149 1.14493900466
2150 1.14501080935
2151 1.1450831254
2152 1.14515704755
2153 1.1452314786
2154 1.14529999345
2155 1.14537761362
2156 1.1454493201
2157 1.14552153655
2158 1.14559535464
2159 1.14566968023
2160 1.14573810613
2161 1.14581561202
2162 1.1458872207
2163 1.14595933795
2164 1.14603305241
2165 1.146107273
2166 1.14617561029
2167 1.14625300239
2168 1.14632451367
2169 1.14639653213
2170 1.1464701434
2171 1.14654425943
2172 1.14661250847
2173 1.14668978727
2174 1.14676120155
2175 1.14683312163
2176 1.14690663014
2177 1.14698064204
2178 1.14704880318
2179 1.14712596916
2180 1.14719728684
2181 1.14726910894
2182 1.14734251512
2183 1.14741642333
2184 1.14748449691
2185 1.14756155056
2186 1.14763277203
2187 1.14770449656
2188 1.14777780083
2189 1.14785160578
2190 1.14791959214
2191 1.14799653394
2147 1.14479266555
2148 1.1448612697
2149 1.14493900466
2150 1.14501080935
2151 1.1450831254
2152 1.14515704755
2153 1.1452314786
2154 1.14529999345
2155 1.14537761362
2156 1.1454493201
2157 1.14552153655
2158 1.14559535464
2159 1.14566968023
2160 1.14573810613
2161 1.14581561202
2162 1.1458872207
2163 1.14595933795
2164 1.14603305241
2165 1.146107273
2166 1.14617561029
2167 1.14625300239
2168 1.14632451367
2169 1.14639653213
2170 1.1464701434
2171 1.14654425943
2172 1.14661250847
2173 1.14668978727
2174 1.14676120155
2175 1.14683312163
2176 1.14690663014
2177 1.14698064204
2178 1.14704880318
2179 1.14712596916
2180 1.14719728684
2181 1.14726910894
2182 1.14734251512
2183 1.14741642333
2184 1.14748449691
2185 1.14756155056
2186 1.14763277203
2187 1.14770449656
2188 1.14777780083
2189 1.14785160578
2190 1.14791959214
2191 1.14799653394
2192 1.14806765959
2193 1.14813928694
2194 1.14821248973
2195 1.14828619184
2196 1.14835409134
2197 1.14843092176
2198 1.14850195198
2199 1.14857348255
2200 1.14864658427
2201 1.14872018398
2202 1.14878799694
2203 1.14886471646
2204 1.14893565164
2205 1.14900708581
2206 1.14908008689
2207 1.14915358462
2208 1.14922131138
2209 1.14929792047
2210 1.14936876098
2211 1.14944009916
2212 1.149513
2213 1.14958639616
2214 1.14965403707
2215 1.14973053619
2216 1.14980128242
2217 1.14987252498
2218 1.149945326
2219 1.15001862102
2220 1.1500861764
2221 1.15016256601
2222 1.15023321833
2223 1.15030436568
2224 1.15037706727
2225 1.15045026157
2226 1.15051773174
2227 1.15059401231
2228 1.15066457111
2229 1.15073562361
2230 1.15080822619
2231 1.15088132017
2232 1.15094870547
2233 1.15102487745
2234 1.1510953431
2235 1.15116630113
2236 1.1512388051
2237 1.15131179917
2238 1.15137909993
2239 1.15145516378
2240 1.15152553663
2241 1.15159640058
2242 1.15166880634
2243 1.15174170091
2244 1.15180891745
2245 1.15188487361
2246 1.15195515405
2247 1.15202592429
2248 1.15209823223
2249 1.15217102771
2250 1.15223816035
2251 1.15231400927
2252 1.15238419766
2253 1.15245487455
2254 1.15252708508
2255 1.15259978186
2256 1.15266683092
2257 1.15274257305
2258 1.15281266975
2259 1.15288325367
2260 1.15295536717
2261 1.15302796565
2262 1.15309493145
2263 1.15317056723
2264 1.1532405726
2265 1.15331106392
2266 1.15338308078
2267 1.15345558136
2268 1.15352246421
2269 1.15359799407
2270 1.15366790848
2271 1.15373830756
2272 1.15381022817
2273 1.15388263123
2274 1.15394943146
2275 1.15402485584
2276 1.15409467963
2277 1.15416498684
2278 1.15423681157
2279 1.15430911752
2280 1.15437583543
2281 1.15445115476
2282 1.15452088829
2283 1.15459110399
2284 1.15466283323
2285 1.15473504245
2286 1.15480167834
2287 1.15487689306
2288 1.15494653668
2289 1.15501666122
2290 1.15508829536
2291 1.15516040823
2292 1.15522696242
2293 1.15530207294
2294 1.15537162701
2295 1.15544166075
2296 1.15551320015
2297 1.15558521705
2298 1.15565168985
2299 1.15572669661
2300 1.15579616146
2301 1.15586610475
2302 1.15593754979
2303 1.15600947111
2304 1.15607586281
2305 1.15615076622
2306 1.15622014221
2307 1.1562899954
2308 1.15636134646
2309 1.15643317257
2310 1.15649948348
2311 1.15657428396
2312 1.15664357142
2313 1.15671333487
2314 1.1567845923
2315 1.15685632358
2316 1.15692255401
2317 1.15699725197
2318 1.15706645125
2319 1.15713612529
2320 1.15720728947
2321 1.15727892629
2322 1.15734507652
2323 1.15741967239
2324 1.15748878381
2325 1.1575583688
2326 1.15762944009
2327 1.15770098283
2328 1.15776705316
2329 1.15784154733
2330 1.15791057125
2331 1.15798006752
2332 1.15805104628
2333 1.1581224953
2334 1.15818848603
2335 1.15826287892
2336 1.15833181565
2337 1.15840122355
2338 1.15847211014
2339 1.1585434658
2340 1.15860937723
2341 1.15868366923
2342 1.15875251912
2343 1.15882183898
2344 1.15889263377
2345 1.15896389643
2346 1.15902972884
2347 1.15910392036
2348 1.15917268374
2349 1.1592419159
2350 1.15931261922
2351 1.15938378926
2352 1.15944954294
2353 1.15952363438
2354 1.15959231156
2355 1.15966145635
2356 1.15973206858
2357 1.15980314634
2358 1.15986882157
2359 1.15994281333
2360 1.16001140465
2361 1.16008046241
2362 1.16015098387
2363 1.16022196972
2364 1.1602875668
2365 1.16036145927
2366 1.16042996505
2367 1.16049893609
2368 1.16056936715
2369 1.16064026144
2370 1.16070578065
2371 1.16077957421
2372 1.16084799477
2373 1.16091687944
2374 1.16098722044
2375 1.16105802351
2376 1.16112346513
2377 1.16119716018
2378 1.16126549585
2379 1.16133429445
2380 1.16140454574
2381 1.16147525795
2382 1.16154062226
2383 1.16161421918
2384 1.16168247027
2385 1.16175118314
2386 1.16182134505
2387 1.16189196674
2388 1.16195725402
2389 1.16203075321
2390 1.16209892002
2391 1.16216754748
2392 1.16223762036
2393 1.16230815188
2394 1.16237336241
2395 1.16244676423
2396 1.16251484709
2397 1.16258338946
2398 1.16265337363
2399 1.16272381533
2400 1.16278894938
2401 1.16286225422
2402 1.16293025343
2403 1.16299871103
2404 1.16306860684
2405 1.16313895905
2406 1.16320401689
2407 1.16327722513
2408 1.16334514101
2409 1.16341351414
2410 1.16348332192
2411 1.16355358498
2412 1.16361856689
2413 1.1636916789
2414 1.16375951175
2415 1.16382780073
2416 1.16389752082
2417 1.16396769506
2418 1.16403260132
2419 1.16410561746
2420 1.16417336759
2421 1.16424157274
2422 1.16431120545
2423 1.16438129122
2424 1.16444612208
2425 1.16451904272
2426 1.16458671044
2427 1.16465483206
2428 1.16472437773
2429 1.16479437535
2430 1.16485913108
2431 1.16493195661
2432 1.16499954221
2433 1.16506758061
2434 1.16513703955
2435 1.16520694936
2436 1.16527163023
2437 1.165344361
2438 1.16541186479
2439 1.16547982027
2440 1.16554919282
2441 1.16561901513
2442 1.16568362141
2443 1.16575625778
2444 1.16582368005
2445 1.16589155292
2446 1.16596083939
2447 1.16603057455
2448 1.16609510649
2449 1.16616764882
2450 1.16623498987
2451 1.16630278043
2452 1.16637198115
2453 1.16644162946
2454 1.16650608734
2455 1.16657853598
2456 1.16664579611
2457 1.16671350466
2458 1.16678261993
2459 1.16685218173
2460 1.16691656579
2461 1.1669889211
2462 1.1670561006
2463 1.16712372744
2464 1.16719275759
2465 1.16726223319
2466 1.1673265437
2467 1.16739880604
2468 1.16746590519
2469 1.16753345062
2470 1.16760239595
2471 1.16767178567
2472 1.16773602288
2473 1.1678081926
2474 1.1678752117
2475 1.16794267601
2476 1.16801153684
2477 1.168080841
2478 1.16814500516
2479 1.16821708261
2480 1.16828402195
2481 1.16835140542
2482 1.16842018206
2483 1.16848940097
2484 1.16855349235
2485 1.16862547786
2486 1.16869233772
2487 1.16875964066
2488 1.16882833341
2489 1.16889746738
2490 1.16896148622
2491 1.16903338015
2492 1.16910016082
2493 1.16916738351
2494 1.16923599268
2495 1.16930504203
2496 1.16936898858
2497 1.16944079127
2498 1.16950749302
2499 1.16957463575
2500 1.16964316164
2501 1.16971212667
2502 1.16977600119
2503 1.16984771297
2504 1.1699143361
2505 1.16998139915
2506 1.17004984207
2507 1.17011872309
2508 1.17018252581
2509 1.17025414703
2510 1.17032069181
2511 1.17038767547
2512 1.17045603571
2513 1.17052483302
2514 1.1705885642
2515 1.17066009519
2516 1.17072656189
2517 1.17079346645
2518 1.17086174431
2519 1.17093045822
2520 1.1709941181
2521 1.1710655592
2522 1.1711319481
2523 1.17119877383
2524 1.1712669696
2525 1.17133560041
2526 1.17139918923
2527 1.17147054077
2528 1.17153685215
2529 1.17160359933
2530 1.17167171331
2531 1.17174026132
2532 1.17180377933
2533 1.17187504163
2534 1.17194127576
2535 1.17200794467
2536 1.17207597716
2537 1.17214444266
2538 1.17220789009
2539 1.17227906349
2540 1.17234522064
2541 1.17241181155
2542 1.17247976284
2543 1.17254814613
2544 1.17261152323
2545 1.17268260805
2546 1.17274868848
2547 1.17281520168
2548 1.17288307205
2549 1.17295137342
2550 1.17301468042
2551 1.17308567699
2552 1.17315168098
2553 1.17321811672
2554 1.17328590647
2555 1.17335412622
2556 1.17341736336
2557 1.173488272
2558 1.17355419981
2559 1.17362055837
2560 1.17368826778
2561 1.17375640619
2562 1.17381957371
2563 1.17389039473
2564 1.17395624663
2565 1.17402252829
2566 1.17409015763
2567 1.174158215
2568 1.17422131313
2569 1.17429204686
2570 1.17435782311
2571 1.17442402812
2572 1.17449157769
2573 1.17455955431
2574 1.17462258327
2575 1.17469323002
2576 1.17475893088
2577 1.17482505953
2578 1.1748925296
2579 1.17496042574
2580 1.17502338578
2581 1.17509394587
2582 1.1751595716
2583 1.17522562413
2584 1.17529301499
2585 1.17536083095
2586 1.17542372228
2587 1.17549419602
2588 1.17555974688
2589 1.17562572357
2590 1.17569303549
2591 1.17576077154
2592 1.17582359441
2593 1.1758939821
2594 1.17595945835
2595 1.17602535946
2596 1.17609259272
2597 1.17616024914
2598 1.17622300376
2599 1.17629330572
2600 1.17635870762
2601 1.1764245334
2602 1.17649168827
2603 1.17655926534
2604 1.17662195195
2605 1.17669216849
2606 1.17675749628
2607 1.176823247
2608 1.17689032376
2609 1.17695782175
2610 1.17702044058
2611 1.17709057199
2612 1.17715582593
2613 1.17722150184
2614 1.17728850076
2615 1.17735591996
2616 1.17741847121
2617 1.17748851781
2618 1.17755369815
2619 1.17761929951
2620 1.17768622085
2621 1.17775356153
2622 1.17781604544
2623 1.17788600752
2624 1.17795111452
2625 1.17801664157
2626 1.17808348561
2627 1.17815074804
2628 1.17821316483
2629 1.17828304269
2630 1.17834807659
2631 1.17841352959
2632 1.17848029659
2633 1.17854748105
2634 1.17860983093
2635 1.17867962487
2636 1.17874458592
2637 1.17880996513
2638 1.17887665536
2639 1.1789437621
2640 1.1790060453
2641 1.17907575562
2642 1.17914064406
2643 1.17920594972
2644 1.17927256344
2645 1.17933959274
2646 1.17940180947
2647 1.17947143646
2648 1.17953625254
2649 1.17960148491
2650 1.17966802238
2651 1.17973497451
2652 1.17979712498
2653 1.17986666894
2654 1.1799314129
2655 1.17999657222
2656 1.1800630337
2657 1.18012990892
2658 1.18019199336
2659 1.18026145457
2660 1.18032612665
2661 1.18039121317
2662 1.18045759892
2663 1.18052439749
2664 1.18058641611
2665 1.18065579486
2666 1.18072039531
2667 1.18078540927
2668 1.18085171954
2669 1.18091844173
2670 1.18098039474
2671 1.18104969133
2672 1.18111422037
2673 1.18117916202
2674 1.18124539708
2675 1.18131204314
2676 1.18137393075
2677 1.18144314545
2678 1.18150760334
2679 1.18157247291
2680 1.18163863301
2681 1.1817052032
2682 1.18176702563
2683 1.18183615874
2684 1.1819005457
2685 1.18196534343
2686 1.18203142882
2687 1.1820979234
2688 1.18215968085
2689 1.18222873265
2690 1.18229304892
2691 1.18235777506
2692 1.182423786
2693 1.18249020522
2694 1.1825518979
2695 1.18262086866
2696 1.18268511448
2697 1.18274976926
2698 1.18281570599
2699 1.18288205012
2700 1.18294367823
2701 1.18301256824
2702 1.18307674383
2703 1.1831413275
2704 1.18320719027
2705 1.18327345955
2706 1.18333502331
2707 1.18340383284
2708 1.18346793844
2709 1.18353245122
2710 1.18359824028
2711 1.18366443496
2712 1.18372593457
2713 1.1837946639
2714 1.18385869974
2715 1.18392314187
2716 1.18398885747
2717 1.18405497781
2718 1.18411641347
2719 1.18418506287
2720 1.18424902918
2721 1.18431340088
2722 1.18437904327
2723 1.18444508951
2724 1.18450646142
2725 1.18457503118
2726 1.18463892817
2727 1.18470322969
2728 1.1847687991
2729 1.18483477149
2730 1.18489607986
2731 1.18496457024
2732 1.18502839816
2733 1.18509262972
2734 1.18515812639
2735 1.18522402518
2736 1.18528527021
2737 1.18535368147
2738 1.18541744053
2739 1.18548160236
2740 1.18554702655
2741 1.18561285197
2742 1.18567403386
2743 1.18574236629
2744 1.18580605671
2745 1.18587014904
2746 1.18593550097
2747 1.18600125329
2748 1.18606237223
2749 1.18613062608
2750 1.1861942481
2751 1.18625827115
2752 1.18632355106
2753 1.1863892305
2754 1.1864502867
2755 1.18651846224
2756 1.18658201607
2757 1.18664597007
2758 1.18671117821
2759 1.18677678501
2760 1.18683777866
2761 1.18690587616
2762 1.18696936202
2763 1.18703324719
2764 1.18709838379
2765 1.1871639182
2766 1.18722484949
2767 1.1872928692
2768 1.18735628732
2769 1.18742010389
2770 1.18748516918
2771 1.18755063143
2772 1.18761150056
2773 1.18767944275
2774 1.18774279333
2775 1.18780654152
2776 1.18787153573
2777 1.18793692607
2778 1.18799773323
2779 1.18806559816
2780 1.18812888143
2781 1.18819256145
2782 1.18825748482
2783 1.18832280347
2784 1.18838354886
2785 1.18845133679
2786 1.18851455296
2787 1.18857816503
2788 1.18864301779
2789 1.18870826499
2790 1.18876894879
2791 1.18883665998
2792 1.18889980926
2793 1.18896335361
2794 1.18902813599
2795 1.18909331197
2796 1.18915393438
2797 1.18922156907
2798 1.18928465168
2799 1.18934812852
2800 1.18941284074
2801 1.18947794574
2802 1.18953850694
2803 1.1896060654
2804 1.18966908155
2805 1.1897324911
2806 1.18979713339
2807 1.18986216763
2808 1.18992266782
2809 1.18999015029
2810 1.19005310019
2811 1.19011644266
2812 1.19018101525
2813 1.19024597896
2814 1.19030641832
2815 1.19037382506
2816 1.19043670892
2817 1.19049998452
2818 1.19056448763
2819 1.19062938105
2820 1.19068975976
2821 1.19075709103
2822 1.19081990905
2823 1.190883118
2824 1.19094755185
2825 1.1910123752
2826 1.19107269346
2827 1.19113994949
2828 1.19120270189
2829 1.19126584439
2830 1.19133020921
2831 1.19139496271
2832 1.19145522069
2833 1.19152240174
2834 1.19158508872
2835 1.19164816499
2836 1.191712461
2837 1.19177714487
2838 1.19183734277
2839 1.19190444907
2840 1.19196707084
2841 1.19203008108
2842 1.1920943085
2843 1.19215892298
2844 1.19221906097
2845 1.19228609277
2846 1.19234864954
2847 1.19241159396
2848 1.192475753
2849 1.1925402983
2850 1.19260037657
2851 1.19266733412
2852 1.19272982608
2853 1.19279270489
2854 1.19285679578
2855 1.19292127212
2856 1.19298129084
2857 1.19304817438
2858 1.19311060174
2859 1.19317341514
2860 1.19323743809
2861 1.19330184569
2862 1.19336180505
2863 1.19342861483
2864 1.19349097778
2865 1.19355372598
2866 1.1936176812
2867 1.19368202028
2868 1.19374192046
2869 1.1938086567
2870 1.19387095545
2871 1.19393363866
2872 1.19399752637
2873 1.19406179715
2874 1.19412163832
2875 1.19418830126
2876 1.19425053601
2877 1.19431315442
2878 1.19437697483
2879 1.19444117752
2880 1.19450095986
2881 1.19456754976
2882 1.1946297207
2883 1.19469227452
2884 1.19475602784
2885 1.19482016266
2886 1.19487988634
2887 1.19494640342
2888 1.19500851075
2889 1.19507100017
2890 1.19513468662
2891 1.19519875378
2892 1.19525841899
2893 1.19532486348
2894 1.1953869074
2895 1.19544933263
2896 1.1955129524
2897 1.19557695212
2898 1.19563655902
2899 1.19570293116
2900 1.19576491186
2901 1.19582727309
2902 1.19589082641
2903 1.19595475889
2904 1.19601430767
2905 1.19608060768
2906 1.19614252536
2907 1.19620482279
2908 1.19626830986
2909 1.19633217532
2910 1.19639166614
2911 1.19645789426
2912 1.19651974911
2913 1.19658198294
2914 1.19664540395
2915 1.1967092026
2916 1.19676863563
2917 1.19683479209
2918 1.1968965843
2919 1.19695875472
2920 1.1970221099
2921 1.19708584194
2922 1.19714521736
2923 1.19721130239
2924 1.19727303215
2925 1.19733513935
2926 1.19739842889
2927 1.19746209454
2928 1.19752141251
2929 1.19758742633
2930 1.19764909384
2931 1.19771113802
2932 1.19777436213
2933 1.19783796158
2934 1.19789722228
2935 1.19796316512
2936 1.19802477055
2937 1.19808675191
2938 1.19814991078
2939 1.19821344425
2940 1.19827264784
2941 1.19833851992
2942 1.19840006348
2943 1.19846198219
2944 1.19852507604
2945 1.19858854372
2946 1.19864769037
2947 1.19871349192
2948 1.19877497379
2949 1.19883683005
2950 1.19889985906
2951 1.19896326116
2952 1.19902235105
2953 1.19908808229
2954 1.19914950264
2955 1.19921129665
2956 1.19927426103
2957 1.19933759775
2958 1.19939663103
2959 1.19946229218
2960 1.19952365122
2961 1.19958538315
2962 1.1996482831
2963 1.19971155464
2964 1.19977053148
2965 1.19983612276
2966 1.19989742066
2967 1.19995909071
2968 1.20002192642
2969 1.20008513298
2970 1.20014405355
2971 1.20020957517
2972 1.20027081212
2973 1.20033242047
2974 1.20039519214
2975 1.20045833392
2976 1.20051719838
2977 1.20058265057
2978 1.20064382674
2979 1.20070537359
2980 1.20076808141
2981 1.20083115861
2982 1.20088996711
2983 1.20095535009
2984 1.20101646567
2985 1.20107795119
2986 1.20114059536
2987 1.20120360817
2988 1.20126236089
2989 1.20132767487
2990 1.20138873004
2991 1.20145015441
2992 1.20151273512
2993 1.20157568375
2994 1.20163438084
2995 1.20169962603
2996 1.20176062097
2997 1.20182198438
2998 1.20188450182
2999 1.20194738646
3000 1.20200602808
3001 1.20207120469
3002 1.20213213958
3003 1.20219344222
3004 1.20225589658
3005 1.20231871742
3006 1.20237730374
3007 1.20244241199
3008 1.202503287
3009 1.20256452904
3010 1.20262692052
3011 1.20268967774
3012 1.20274820892
3013 1.20281324902
3014 1.20287406434
3015 1.20293524596
3016 1.20299757473
3017 1.20306026855
3018 1.20311874473
3019 1.20318371689
3020 1.20324447269
3021 1.20330559407
3022 1.20336786034
3023 1.20343049092
3024 1.20348891228
3025 1.2035538167
3026 1.20361451316
3027 1.20367557448
3028 1.20373777842
3029 1.20380034598
3030 1.20385871265
3031 1.20392354956
3032 1.20398418684
3033 1.20404518828
3034 1.20410733008
3035 1.20416983479
3036 1.20422814695
3037 1.20429291654
3038 1.20435349483
3039 1.20441443656
3040 1.20447651641
3041 1.20453895846
3042 1.20459721626
3043 1.20466191873
3044 1.2047224382
3045 1.2047833204
3046 1.20484533848
3047 1.20490771806
3048 1.20496592165
3049 1.20503055721
3050 1.20509101803
3051 1.20515184087
3052 1.20521379737
3053 1.20527611467
3054 1.2053342642
3055 1.20539883306
3056 1.2054592354
3057 1.20551999906
3058 1.20558189416
3059 1.20564414936
3060 1.20570224499
3061 1.20576674734
3062 1.20582709137
3063 1.20588779602
3064 1.2059496299
3065 1.20601182319
3066 1.20606986506
3067 1.20613430112
3068 1.20619458701
3069 1.20625523282
3070 1.20631700566
3071 1.20637913722
3072 1.2064371255
3073 1.20650149545
3074 1.20656172337
3075 1.20662231051
3076 1.2066840225
3077 1.2067460925
3078 1.20680402733
3079 1.20686833139
3080 1.2069285015
3081 1.20698903015
3082 1.20705068146
3083 1.2071126901
3084 1.20717057163
3085 1.20723480999
3086 1.20729492246
3087 1.20735539278
3088 1.20741698359
3089 1.20747893104
3090 1.20753675942
3091 1.20760093228
3092 1.20766098728
3093 1.20772139945
3094 1.20778292993
3095 1.20784481637
3096 1.20790259176
3097 1.20796669931
3098 1.208026697
3099 1.20808705118
3100 1.20814852151
3101 1.20821034713
3102 1.20826806966
3103 1.2083321121
3104 1.20839205265
3105 1.20845234901
3106 1.20851375937
3107 1.20857552434
3108 1.20863319417
3109 1.20869717169
3110 1.20875705527
3111 1.20881729396
3112 1.20887864453
3113 1.20894034902
3114 1.20899796629
3115 1.20906187909
3116 1.20912170586
3117 1.20918188706
3118 1.209243178
3119 1.20930482221
3120 1.20936238706
3121 1.20942623533
3122 1.20948600544
3123 1.20954612932
3124 1.20960736081
3125 1.2096689449
3126 1.20972645749
3127 1.20979024142
3128 1.20984995504
3129 1.20991002176
3130 1.20997119397
3131 1.21003271811
3132 1.21009017858
3133 1.21015389836
3134 1.21021355565
3135 1.21027356537
3136 1.21033467848
3137 1.21039614285
3138 1.21045355134
3139 1.21051720716
3140 1.21057680828
3141 1.21063676117
3142 1.21069781534
3143 1.21075922011
3144 1.21081657676
3145 1.21088016882
3146 1.21093971393
3147 1.21099961014
3148 1.21106060554
3149 1.21112195089
3150 1.21117925585
3151 1.21124278432
3152 1.21130227358
3153 1.21136211328
3154 1.21142305009
3155 1.21148433618
3156 1.21154158959
3157 1.21160505467
3158 1.21166448824
3159 1.21172427158
3160 1.21178514996
3161 1.21184637696
3162 1.21190357896
3163 1.21196698084
3164 1.21202635887
3165 1.21208608602
3166 1.21214690613
3167 1.21220807422
3168 1.21226522495
3169 1.21232856381
3170 1.21238788645
3171 1.21244755757
3172 1.21250831959
3173 1.21256942894
3174 1.21262652854
3175 1.21268980455
3176 1.21274907198
3177 1.21280868722
3178 1.2128693913
3179 1.21293044207
3180 1.21298749068
3181 1.21305070405
3182 1.2131099164
3183 1.21316947592
3184 1.21323012224
3185 1.2132911146
3186 1.21334811236
3187 1.21341126325
3188 1.21347042069
3189 1.21352992465
3190 1.21359051336
3191 1.21365144748
3192 1.21370839453
3193 1.21377148313
3194 1.2138305858
3195 1.21389003435
3196 1.21395056563
3197 1.21401144168
3198 1.21406833815
3199 1.21413136464
3200 1.2141904127
3201 1.214249806
3202 1.21431028
3203 1.21437109813
3204 1.21442794417
3205 1.21449090873
3206 1.21454990233
3207 1.21460924053
3208 1.21466965742
3209 1.2147304178
3210 1.21478721353
3211 1.21485011635
3212 1.21490905564
3213 1.2149683389
3214 1.21502869884
3215 1.21508940163
3216 1.2151461472
3217 1.21520898844
3218 1.21526787358
3219 1.21532710204
3220 1.21538740519
3221 1.21544805056
3222 1.21550474609
3223 1.21556752595
3224 1.21562635707
3225 1.2156855309
3226 1.21574577741
3227 1.21580636553
3228 1.21586301116
3229 1.21592572979
3230 1.21598450706
3231 1.2160436264
3232 1.21610381644
3233 1.21616434746
3234 1.21622094332
3235 1.21628360092
3236 1.21634232448
3237 1.21640138948
3238 1.2164615232
3239 1.21652199728
3240 1.21657854351
3241 1.21664114024
3242 1.21669981024
3243 1.21675882105
3244 1.21681889862
3245 1.21687931592
3246 1.21693581265
3247 1.21699834869
3248 1.21705696527
3249 1.21711592205
3250 1.21717594361
3251 1.21723630429
3252 1.21729275166
3253 1.21735522718
3254 1.21741379049
3255 1.21747269338
3256 1.21753265909
3257 1.21759296331
3258 1.21764936145
3259 1.21771177662
3260 1.21777028681
3261 1.21782913595
3262 1.21788904598
3263 1.21794929389
3264 1.21800564292
3265 1.21806799792
3266 1.21812645513
3267 1.21818525068
3268 1.21824510517
3269 1.21830529693
3270 1.21836159699
3271 1.21842389198
3272 1.21848229636
3273 1.21854103846
3274 1.21860083757
3275 1.21866097334
3276 1.21871722456
3277 1.21877945972
3278 1.2188378114
3279 1.2188965002
3280 1.21895624408
3281 1.21901632402
3282 1.21907252651
3283 1.21913470201
3284 1.21919300115
3285 1.2192516368
3286 1.2193113256
3287 1.21937134985
3288 1.21942750376
3289 1.21948961976
3290 1.21954786649
3291 1.21960644913
3292 1.21966608301
3293 1.21972605173
3294 1.21978215718
3295 1.21984421385
3296 1.21990240832
3297 1.21996093809
3298 1.22002051719
3299 1.22008043054
3300 1.22013648766
3301 1.22019848517
3302 1.22025662752
3303 1.22031510456
3304 1.22037462904
3305 1.22043448716
3306 1.22049049608
3307 1.22055243459
3308 1.22061052496
3309 1.22066894942
3310 1.22072841943
3311 1.22078822248
3312 1.22084418332
3313 1.220906063
3314 1.22096410153
3315 1.22102247355
3316 1.22108188923
3317 1.22114163736
3318 1.22119755024
3319 1.22125937126
3320 1.22131735809
3321 1.22137567781
3322 1.22143503931
3323 1.22149473267
3324 1.22155059773
3325 1.22161236025
3326 1.22167029551
3327 1.22172856308
3328 1.22178787055
3329 1.22184750929
3330 1.22190332664
3331 1.22196503082
3332 1.22202291466
3333 1.22208113021
3334 1.22214038379
3335 1.22219996806
3336 1.22225573783
3337 1.22231738384
3338 1.22237521639
3339 1.22243338006
3340 1.22249257991
3341 1.22255210985
3342 1.22260783217
3343 1.22266942016
3344 1.22272720156
3345 1.22278531349
3346 1.22284445975
3347 1.22290393552
3348 1.2229596105
3349 1.22302114064
3350 1.22307887102
3351 1.22313693136
3352 1.22319602417
3353 1.22325544591
3354 1.22331107368
3355 1.22337254612
3356 1.22343022563
3357 1.2234882345
3358 1.22354727401
3359 1.22360664187
3360 1.22366222255
3361 1.22372363746
3362 1.22378126622
3363 1.22383922376
3364 1.22389821011
3365 1.22395752423
3366 1.22401305795
3367 1.22407441548
3368 1.22413199363
3369 1.22418989999
3370 1.22424883332
3371 1.22430809385
3372 1.22436358072
3373 1.22442488104
3374 1.22448240871
3375 1.22454026401
3376 1.22459914447
3377 1.22465835156
3378 1.2247137917
3379 1.22477503495
3380 1.22483251228
3381 1.22489031667
3382 1.22494914439
3383 1.22500829818
3384 1.22506369171
3385 1.22512487806
3386 1.22518230518
3387 1.22524005878
3388 1.22529883392
3389 1.22535793454
3390 1.22541328159
3391 1.22547441119
3392 1.22553178823
3393 1.22558949118
3394 1.22564821387
3395 1.22570726147
3396 1.22576256215
3397 1.22582363516
3398 1.22588096225
3399 1.22593861469
3400 1.22599728506
3401 1.22605627979
3402 1.22611153422
3403 1.22617255079
3404 1.22622982807
3405 1.22628743012
3406 1.22634604832
3407 1.22640499031
3408 1.22646019861
3409 1.2265211589
3410 1.22657838649
3411 1.22663593829
3412 1.22669450446
3413 1.22675339386
3414 1.22680855614
3415 1.22686946029
3416 1.22692663833
3417 1.22698414001
3418 1.22704265428
3419 1.22710149123
3420 1.22715660761
3421 1.22721745578
3422 1.22727458439
3423 1.22733203608
3424 1.2273904986
3425 1.22744928323
3426 1.22750435383
3427 1.22756514617
3428 1.22762222548
3429 1.22767962732
3430 1.22773803822
3431 1.22779677067
3432 1.2278517956
3433 1.22791253227
3434 1.22796956241
3435 1.22802691452
3436 1.22808527393
3437 1.22814395434
3438 1.22819893372
3439 1.22825961486
3440 1.22831659596
3441 1.22837389847
3442 1.22843220653
3443 1.22849083504
3444 1.22854576899
3445 1.22860639475
3446 1.22866332693
3447 1.22872057997
3448 1.22877883682
3449 1.22883741356
3450 1.22889230219
3451 1.22895287272
3452 1.22900975612
3453 1.22906695981
3454 1.22912516558
3455 1.2291836907
3456 1.22923853412
3457 1.22929904957
3458 1.2293558843
3459 1.22941303878
3460 1.2294711936
3461 1.22952966723
3462 1.22958446555
3463 1.22964492607
3464 1.22970171226
3465 1.22975881766
3466 1.22981692167
3467 1.22987534393
3468 1.22993009728
3469 1.22999050301
3470 1.23004724079
3471 1.23010429722
3472 1.23016235055
3473 1.2302207216
3474 1.23027543007
3475 1.23033578116
3476 1.23039247065
3477 1.23044947825
3478 1.23050748104
3479 1.23056580099
3480 1.2306204647
3481 1.2306807613
3482 1.23073740262
3483 1.23079436152
3484 1.23085231389
3485 1.23091058288
3486 1.23096520195
3487 1.2310254442
3488 1.23108203748
3489 1.23113894779
3490 1.23119684987
3491 1.23125506805
3492 1.23130964258
3493 1.23136983063
3494 1.23142637599
3495 1.23148323784
3496 1.23154108976
3497 1.23159925725
3498 1.23165378735
3499 1.23171392134
