  -0.548284337918093E+00  0.881226199841666E+00 -0.126431700129448E+01
  -0.504963428457490E+00 -0.132743122128287E+01 -0.813776445210072E+00
  -0.193250958746935E+00  0.159432293200761E+01  0.419169424860015E-02
  -0.846843607340742E+00  0.745292691429572E+00  0.157683469627483E+01
  -0.969571197435095E+00  0.876520344514766E+00  0.361859740440716E-01
   0.104308555804377E+01 -0.196136863504152E+01 -0.586068742675802E+00
   0.799974197556723E-02 -0.519876788136159E+00  0.289980537790993E+00
   0.876716756156225E-01 -0.137321518088214E+00  0.932421639764129E+00
   0.654539498876715E-02  0.891172415028591E+00 -0.205593891964213E+00
  -0.910751665429390E-01  0.479962138162022E+00 -0.436838896739858E+00
  -0.116862817798321E+00 -0.988058258431777E+00  0.140715260554038E+01
   0.522314394672293E+00 -0.826598598283052E+00 -0.898624472956603E+00
   0.119892858624149E+00  0.150696377671008E+01 -0.351816513343494E+00
   0.135378331495033E+01 -0.396228682959737E-02  0.956269137980404E+00
   0.149373583328943E+01  0.259913620902869E+00  0.146520728738244E+00
  -0.249175899329889E-01 -0.700149966708750E+00  0.240261697653877E+00
  -0.466661276767324E-01  0.479614307798808E+00  0.100533085861774E+01
   0.746240340384799E+00 -0.128018161543054E+01 -0.266074956333818E+00
   0.522873755905445E+00  0.737973245752895E+00 -0.755757030362087E+00
   0.554597623487506E+00 -0.224600158776355E-01  0.137908342090790E+01
   0.132950099220025E+01 -0.543465876974130E+00  0.411752424704553E+00
  -0.231895772034454E+00 -0.122296894916330E+01 -0.420186038610923E+00
  -0.774363958380457E+00  0.106604398573233E+01  0.478108575023062E+00
   0.141409963554141E+00  0.599017207058720E+00 -0.279513087598827E+00
   0.313606723435496E+00 -0.528048098044645E+00  0.105346244715872E-01
   0.566509972312037E+00 -0.228132448024881E+00 -0.488681766542810E+00
   0.149060608292883E+00  0.819132620835703E-01  0.592900090694510E+00
  -0.222168802434016E+00  0.216798129566108E+01 -0.807933583409340E+00
  -0.865041760482693E+00 -0.586007503941113E+00  0.353744304384358E+00
   0.218791590605553E+00 -0.556013666501499E+00  0.303436224498659E+00
  -0.460901094633753E+00 -0.423881144411973E+00  0.657359344689028E+00
   0.647845012679082E+00 -0.289323927524435E+00  0.111615673775554E+01
   0.828453220981830E+00 -0.118957407072062E+01  0.895795792395647E+00
   0.467171056605590E+00  0.649967238898114E-01 -0.465239828808558E+00
   0.912931129229598E-01 -0.157371296183218E+00 -0.404869277818687E+00
  -0.370306455976106E-01 -0.785682691383203E+00 -0.100617709923107E+00
   0.141324200492529E+00 -0.305671278263768E+00 -0.359600650452749E+00
  -0.907656301319045E-01  0.672887018212569E-01  0.380974517272799E+00
  -0.194066248399215E-01 -0.118417197784656E+01  0.102387169886868E+01
   0.811791589228044E+00  0.252037582545173E-01  0.287058911019396E+00
   0.612112263066252E+00  0.442114959053605E+00 -0.679970597392119E-01
  -0.789178737589602E+00  0.218377083607446E+00 -0.356164300321598E+00
   0.531771774564285E+00 -0.168018440953473E+01  0.449056647654180E+00
  -0.177843133441023E+00 -0.605868217467986E+00 -0.771477876030557E+00
  -0.130719195086451E+01 -0.170950542619196E+00 -0.171615270037200E+01
   0.210580282462683E+01  0.162540284804960E+00 -0.107728499755188E+01
   0.354333104001748E+00  0.417238347418174E+00  0.861872711052543E+00
   0.408272831523016E+00  0.612130172492167E+00  0.108062399727184E+01
   0.369817443551345E+00  0.115740806624603E+01 -0.111095390147937E+01
  -0.141060104835881E+01 -0.295979434957480E+00  0.967630991591021E+00
  -0.541463663207662E+00  0.167015755229947E+01  0.174775833982380E+01
  -0.134263501384253E+01  0.320797090519013E+00  0.105239828077862E+01
   0.127608045113446E+01  0.331193666895041E+00 -0.636420504172483E+00
  -0.822689248537912E+00  0.429238609536388E+00  0.146435582542999E+01
  -0.104068990772001E+00  0.305359327705828E+00 -0.119341696000012E+01
   0.130878953448752E+01 -0.563685868620431E+00  0.709565872876195E-01
   0.721585347541936E+00 -0.208913664520445E+00  0.407099113102763E+00
   0.800565834525177E+00  0.630256078675297E+00  0.575396168112132E+00
   0.217655866775607E+00 -0.386135376413364E+00 -0.599290018616805E+00
  -0.128532545910538E+01  0.220744987189516E+00  0.279595281934747E-02
  -0.124520034183873E-02 -0.112420051793058E+01 -0.110251786872191E+01
   0.597650852841129E+00 -0.149924327822579E+00  0.179145897490119E+00
  -0.457228109822806E+00  0.624881732185589E+00 -0.182924589315950E+00
   0.648287882648467E+00  0.407343377065153E+00  0.174133161740483E+01
   0.329553983127791E-01 -0.377446066138942E+00  0.365356642120842E+00
   0.361936339374824E+00  0.644537837738837E+00 -0.441465859442490E-01
  -0.128789699681300E+01 -0.100227755910829E+00  0.142198912254777E+01
   0.170443465848889E+00  0.605153088510963E+00  0.149881728683958E+01
   0.557796796120851E+00 -0.232992889115335E-01 -0.793755291211425E-01
  -0.695200823007448E+00  0.787919572274655E+00 -0.266840425740722E+00
   0.113420589511841E+01 -0.993792452844397E+00  0.119695182300031E+01
   0.712172837335316E+00  0.953443474017507E+00 -0.108397227869861E+01
  -0.421581106581709E+00 -0.814841715323209E+00 -0.111647567595607E+01
  -0.349375397167834E+00 -0.161509423136463E+00 -0.277778397738602E+00
   0.117446787481987E+00 -0.865403888624554E+00  0.258072389085777E+00
   0.212831202272701E+00  0.113717970558373E+01 -0.193780594056936E+00
  -0.884204006174323E-01  0.761009767361580E+00 -0.281905441657093E+00
  -0.611411435120551E-01 -0.600988356123106E+00 -0.262679691792388E-02
  -0.433422993929096E+00  0.140802053450957E+01  0.635015103097014E+00
  -0.439047012348938E+00 -0.211364141259143E+01  0.395734297106086E+00
  -0.543364682579051E+00  0.998418980551505E-02  0.649148837105240E+00
   0.170006520125436E+01  0.274636342741491E+00 -0.887236040439137E+00
  -0.164187503901728E+01 -0.201059783929136E+00  0.284403772322651E+00
   0.699696817054044E+00  0.150364669010714E+01  0.235132229800293E+00
   0.167944076241301E+01  0.317163128462816E+00 -0.125335065010299E+01
  -0.141858236816583E+00 -0.155128137362683E+01  0.341304704199701E+00
   0.298440360260967E+00 -0.492152571345957E+00 -0.111358079347956E+01
  -0.587383876694385E+00  0.187019443194981E+01  0.991088820483099E-01
   0.171050560947049E+01 -0.109507528742569E+01 -0.215357052602206E+00
   0.212864746076673E+00 -0.106101636925399E+01 -0.828736870064749E-01
   0.526118670520176E+00 -0.909873383926028E+00 -0.151251536163404E+00
   0.102564498553639E+01 -0.213177259302363E+00  0.381409000189710E+00
  -0.134717481335585E+01 -0.919959466410039E+00 -0.746868618119011E+00
  -0.100182849982234E+01 -0.944018737420444E+00  0.865755277922212E+00
  -0.110130595388965E+00  0.316826717135232E+00 -0.670068015419555E+00
   0.501234859806874E+00  0.150230777216755E+01 -0.140755397327087E+01
   0.293080682694733E+00 -0.295100611777456E+00  0.105873320858159E+01
  -0.200403429655950E+00 -0.586832778464128E+00  0.749176366942266E+00
  -0.160463089058291E-01 -0.388363684172658E+00 -0.495906424615413E+00
  -0.281948157588159E+00  0.786170331224092E+00 -0.132409806260440E+01
  -0.168079731360831E+00  0.196106603909868E+01  0.649712899259683E+00
  -0.195307334147872E-01  0.130136980820453E+01  0.108618394788963E+01
  -0.789083694106210E+00  0.108225879599513E+01  0.817444028969633E+00
   0.104969420093418E+01  0.130008373885690E+01  0.134380757577214E+01
  -0.162270718915739E+00 -0.570910438886840E+00 -0.659385583008662E+00
   0.807902403823727E+00 -0.397110653757585E+00  0.973547546267651E-01
  -0.385269237702335E+00  0.881329478739867E+00 -0.448086496986036E+00
   0.887354210212869E+00 -0.128416827418780E+01 -0.686282422350689E+00
   0.135534236218061E+01  0.525420114333139E+00  0.102372385136808E+01
  -0.345908682159088E-01 -0.792370362831231E+00  0.370616824218378E+00
  -0.302572991422397E-01 -0.122731545472937E+01  0.473387480803961E+00
  -0.378231645048725E+00  0.466080004582235E+00 -0.105302433683234E+01
  -0.266431591297472E+00 -0.639921603124720E-01  0.479802677629467E+00
   0.248675753870788E+00 -0.801935327498641E+00 -0.557944556416191E+00
  -0.898517972136547E+00  0.812486204031414E+00  0.128821729449285E+01
  -0.151123801457913E+00  0.830482761353101E+00 -0.237154643171986E+00
   0.104243071191103E+01 -0.613516146541970E+00 -0.844211026861934E-01
   0.175379582527597E+01  0.216883087366141E+00  0.197742404862803E+00
  -0.838798962213307E+00 -0.240521857976994E+01 -0.177965852012110E+01
   0.525351455227579E+00  0.590138747357270E+00 -0.339758587143168E+00
   0.319559063482414E+00 -0.829419275221976E+00 -0.464886356378970E+00
  -0.991776574230911E+00  0.112318920086487E+01  0.291839317854142E-01
   0.253687501126813E+00  0.209375387512012E+00 -0.439226085562572E+00
  -0.115011743934777E+01  0.208109851515433E+01 -0.813727377535944E-01
  -0.769713076555084E+00 -0.629968110787458E-01  0.205185511392238E+00
  -0.461926013917688E+00 -0.263190331303355E+00 -0.454457829022565E+00
   0.627113014668398E+00 -0.126476029686781E+01 -0.833630432830947E+00
  -0.270223462101754E+01 -0.101082290838097E+01  0.267125230937304E+00
   0.128884204649648E+01 -0.160447914547916E+01 -0.271183643643244E+00
  -0.128599087437095E+01  0.460294190337132E+00 -0.340157607611887E-01
  -0.263515250246204E+00 -0.328110934262822E+00 -0.138909827349354E+00
