   0.103544845507485E+01 -0.129074587727091E+01  0.844258488031590E+00
  -0.940491873423348E+00 -0.188970240706510E+00 -0.310347997494551E-02
  -0.687828517784358E+00 -0.138277280177152E+00 -0.192023047487107E+00
   0.143888476068253E+01  0.285646689421395E+00 -0.307640675539114E+00
   0.362640387155608E+00  0.803193654339731E-02 -0.452702611865096E+00
   0.291342851028538E+00  0.922277101281540E+00 -0.197041151019258E+01
   0.574428867618885E-01  0.430654713764712E+00  0.299985968384385E+00
  -0.100197986232967E+01 -0.146054226719488E+00 -0.557798974511123E+00
  -0.600722751603412E+00 -0.141101759542412E+01  0.526674882451617E+00
   0.921160495265073E+00  0.544684142226589E+00 -0.232045970390170E+01
   0.865611863213384E-01  0.362238692859181E+00 -0.540861806554928E+00
   0.371474561218173E+00  0.912431422478593E+00  0.121254380179885E+01
  -0.515082875531859E+00  0.341071609546823E+00 -0.113171893793293E+01
  -0.103862823085126E-01 -0.544015803498620E+00  0.614612173115258E+00
  -0.962912818437920E+00 -0.739146611040064E+00 -0.247478865137780E+00
   0.143426001551985E+01  0.675992898292115E+00  0.118341622924562E+01
  -0.240849148894336E+00 -0.142851211841980E+00  0.106106630571011E+01
   0.139638297608037E+00  0.138722450948115E+01  0.138356272688234E+01
  -0.334479612037778E+00  0.208784000608193E+00 -0.528025114320660E+00
  -0.134829433601601E+01  0.892883954242973E+00  0.233385623500159E+00
   0.223316137529795E+00  0.155450153375766E-01  0.623706492375433E+00
   0.135336632703016E+01 -0.226493946098362E+00 -0.464052856172100E+00
   0.105817719186579E+00 -0.156684345749777E+00 -0.905328514311551E-01
  -0.308064144898303E+00  0.542769374219981E+00 -0.706521687138318E+00
   0.119950810778604E+01 -0.422267352256455E+00  0.100576465480827E+01
  -0.671882101894184E-01  0.819476217554826E-01  0.132017812498216E+00
  -0.138953234046491E+01 -0.774679678695172E+00 -0.220209192753305E+00
   0.115048368355396E+01 -0.113287274855562E-02  0.259045317663636E+00
  -0.771979950608541E+00 -0.581973100487082E+00 -0.187374469573685E+00
  -0.149899614277855E+01  0.573489787058755E+00 -0.847486140017323E-01
   0.121901940670142E+01  0.173302462404613E+01 -0.232847580265642E+00
   0.396985478491139E+00 -0.317086925681147E+00  0.750661151957262E+00
   0.825710194417768E+00  0.564003106671797E+00  0.104649761059163E-01
  -0.940202513799530E+00  0.370714629190550E+00  0.861564646218802E+00
   0.948386634982605E+00  0.452141225624095E+00  0.343467879410158E+00
   0.231126199734129E+00 -0.228992715104320E+01  0.215313688187136E-01
  -0.754886781087205E+00 -0.112687930755438E+01 -0.728581433050213E-01
   0.530917954630242E+00 -0.122707842618174E+00  0.114756890247205E+01
   0.107406786662464E+00 -0.826151251918429E+00 -0.135925187187592E+00
  -0.124098699526135E+01  0.229715611126168E+00 -0.106103906255954E+01
  -0.189823390313669E+01 -0.666826841123294E+00  0.125736183145300E+01
  -0.243207776298603E+01  0.727902074392736E-01  0.420720010500089E+00
   0.631388394855157E+00  0.136983124590509E+01 -0.490058973855527E-01
  -0.857019342782806E+00  0.915442508077954E+00  0.731009696840804E+00
  -0.173829499961647E+00  0.386492351425380E+00 -0.294027903982347E+00
   0.244363768634951E+00  0.684145033053445E+00 -0.307521202789081E+00
  -0.484915076619673E+00  0.135989341537840E+01  0.596685591577467E+00
  -0.187701464036612E+00  0.364718263774498E+00  0.577360871083081E-01
  -0.132349023880348E+01 -0.101074219710317E+01  0.185355612267649E+01
  -0.594231841328294E+00 -0.750793705289198E+00  0.529609023672941E+00
   0.148564408505605E+01 -0.527111347238974E+00 -0.454047780690358E+00
  -0.183673549865947E+00 -0.224271142267938E+00 -0.119716992221986E+01
  -0.414037510656084E+00  0.535680859492814E+00 -0.588379490407033E+00
   0.729495930411185E-01 -0.599885709674122E+00  0.682952856259141E+00
  -0.954710653376769E-01  0.126071925570783E+01  0.408380713251447E+00
   0.438834948453443E+00  0.316055484453907E-01 -0.337381024245972E+00
  -0.387480870614605E+00 -0.106493512573989E+01  0.330877225925480E+00
  -0.110074419763054E+01 -0.106377550867276E+01  0.149898461733008E+00
   0.674258430810698E+00  0.659244884811207E+00 -0.558465908145522E+00
  -0.106886051139357E+01  0.143987770560873E+01  0.855245045781437E+00
  -0.890904102581624E+00  0.123765382410413E+00  0.946845820366608E+00
   0.457699513753246E+00 -0.328746595863295E+00  0.139520564426839E+00
  -0.288719883890554E+00  0.184745184207022E+01 -0.632360276554933E+00
  -0.103620066051554E+01 -0.963860063028124E+00  0.257738274804089E+00
   0.168567525402921E+01  0.984240857170535E+00  0.117721666449155E+01
  -0.162958067070336E+00  0.714701706035440E+00 -0.778382837918938E+00
   0.282306104524744E+00  0.336440885616655E+00 -0.114770753303891E+01
  -0.591992348741192E+00  0.163724079227606E+01  0.342651420457865E+00
  -0.153478699300361E+01 -0.649949797424654E+00  0.169196031480946E+01
   0.175976291017945E+01  0.742232618571139E+00  0.598907754278103E+00
   0.186123652736733E+00  0.363715909401701E-02 -0.191901753353310E+01
   0.134781661676438E+01  0.605628676886702E+00  0.878322061506501E+00
   0.130115269704477E+00 -0.146619157370280E+00  0.548094582435652E+00
  -0.322461865558972E+00  0.118863716925663E+01 -0.693943130115040E+00
  -0.129641305530249E+01  0.663399939566495E+00 -0.107781565085393E+00
  -0.189256446309818E+00 -0.390175357424091E+00 -0.676741271668335E+00
  -0.117617758401913E+01 -0.172208814309228E+00 -0.155462976966662E+00
   0.855712879192761E+00  0.825432749579453E+00 -0.899611875755262E+00
   0.112297332939899E+00  0.441332191937696E+00  0.325734263541478E+00
  -0.191621982019682E+00  0.152481188779455E+01 -0.184665999393708E+00
  -0.527194245105439E+00  0.173840832617930E+00  0.492811435109410E-01
  -0.648280306383931E-01  0.315694377423442E-02  0.937748498879583E+00
  -0.153916577352408E+01  0.115193430139168E+01 -0.507843551430741E+00
   0.426874995403331E+00 -0.149202420134721E+01  0.434912226081655E-01
   0.367785281391687E+00  0.773571820200109E+00 -0.178362412626711E-02
   0.876279307798274E-01 -0.668851632089215E-01  0.276013292222566E+00
   0.215763332935196E+00  0.227466387261275E+00 -0.206244163681752E+00
   0.119358797764162E+01  0.522165370832435E+00  0.365835804944243E+00
   0.315405063418247E+00 -0.422547559134904E+00 -0.656298050055024E-02
  -0.103452692586289E+00  0.332077328975780E+00 -0.483106641592008E+00
   0.905576751215050E+00  0.227283800174596E+00 -0.399507711154067E-01
  -0.103829127530034E+00  0.556733657020233E+00 -0.442349484909255E+00
   0.754711329578045E+00 -0.183899309227385E+00  0.944052993407603E+00
   0.156168330351834E+00 -0.799724541391316E+00  0.164544285839937E+00
   0.158054752034210E+01  0.671667254157809E-01  0.120729862833994E+01
  -0.175812106305383E+01  0.299429020922084E+00 -0.390921999596563E+00
   0.162574833056456E+01 -0.782603802009770E+00 -0.204004563050303E+00
  -0.456092112978308E-01 -0.245655214670345E+00  0.344892214112494E+00
   0.148042982851371E+00 -0.394447804214956E+00  0.869598173587022E+00
  -0.890748310325363E+00 -0.131132144138753E+01  0.631670750075319E+00
   0.187297135158392E+00  0.704341514837227E+00  0.320601350857619E+00
   0.692660251536506E+00 -0.163016284155064E+00 -0.772342667615608E+00
  -0.453338503559787E+00 -0.141426673839853E+00 -0.123750058320679E-01
  -0.123977807571366E+01 -0.133922661884790E+01 -0.239601524327955E+00
  -0.421303058082734E+00  0.151707599031038E+00  0.110495860854144E+01
   0.137832116497432E+00 -0.994094454576419E+00  0.253639536097521E+00
  -0.101050276867982E+01 -0.993244436124200E-01  0.320284593908602E+00
  -0.128800377111498E+01 -0.405924096070918E+00  0.781307518420288E-01
  -0.163188411547103E+00 -0.704762815263540E+00  0.632053454471666E+00
  -0.961690404636296E+00  0.341622698587406E+00 -0.121297749571949E+01
  -0.229025191157414E+00  0.293827252668379E+00  0.441113866351615E+00
  -0.445896688428073E+00  0.223508447157471E+01 -0.298344644112302E+00
   0.437270163025564E+00  0.155207847573538E+00  0.259751021449724E+00
   0.534208077492030E+00  0.513637334416339E-01 -0.105385087564120E+01
   0.601000762130237E+00  0.811613350559849E+00 -0.822855571821326E+00
   0.288232005437072E+00 -0.107919317283561E+01  0.116167287721519E+01
  -0.260118496961816E+00 -0.774860712102042E+00  0.173808158170526E+01
   0.162405056993423E+00  0.264136493045430E-01  0.334649708883772E+00
   0.533319420248198E+00 -0.691599226081930E+00  0.367785159822231E+00
   0.192313578417288E+00 -0.638179121549806E+00 -0.748702113199396E-01
  -0.304234218806020E+00 -0.720621033426032E+00  0.748987696326885E+00
   0.322545707537621E+00  0.189765499364660E+01 -0.145959609795906E+01
   0.987469505791710E+00 -0.802050776585365E+00  0.937197308143509E+00
  -0.330379160752071E+00 -0.240509478012695E+00  0.624940150864505E+00
  -0.413406225371044E+00  0.702725177313781E+00 -0.565351457351568E+00
  -0.166287459207773E+00  0.362993528389636E+00 -0.820550436176824E+00
  -0.594343025409770E+00  0.443908599645072E+00 -0.381506687425891E+00
   0.628077041625369E+00  0.801675703833001E+00  0.726897859659106E+00
  -0.371499144688824E+00  0.124176274743410E+00 -0.681846600333998E+00
  -0.364717968115549E+00 -0.142273905479120E+01 -0.932412668323792E-01
